10
11
11
11
12
11
12
12
11
12
13
12
12
11
14
12
12
12
12
12
12
12
9
10
12
11
11
11
13
11
11
12
12
12
12
11
14
12
12
11
13
12
11
12
12
12
12
11
11
12
12
12
6
12
11
11
11
11
11
10
11
12
10
11
9
10
11
9
10
9
11
10
10
10
10
10
10
10
11
10
10
10
10
10
10
11
7
7
10
10
10
10
10
10
9
10
11
10
10
9
7
10
10
10
11
10
10
10
11
12
11
10
12
11
11
12
12
12
12
13
12
12
13
12
13
12
13
11
12
11
12
12
11
12
13
12
11
11
12
12
11
11
13
11
11
11
10
10
10
1
0
0
0
2
0
2
2
1
1
3
1
1
1
2
3
3
1
1
2
2
2
2
1
2
4
2
1
3
1
2
1
0
1
1
2
2
1
1
1
1
0
0
0
0
1
1
0
0
0
1
