70
71
70
71
71
71
71
71
71
71
70
70
72
70
71
71
70
70
70
69
64
68
68
68
69
68
69
68
68
69
69
68
69
67
69
69
68
68
68
69
68
67
69
67
67
67
67
67
66
68
67
67
67
67
63
67
67
66
66
67
66
66
66
67
66
66
66
66
66
65
66
68
67
67
66
67
67
66
67
67
68
68
67
61
61
65
65
64
59
65
64
65
65
66
65
66
65
65
65
65
66
67
66
67
66
67
67
67
66
66
67
67
66
67
67
67
67
66
67
66
67
66
67
66
66
67
67
66
65
67
67
66
66
65
67
65
65
65
67
65
65
65
65
65
65
65
66
61
64
64
65
64
65
65
63
64
64
64
65
63
65
64
63
64
65
64
63
64
63
64
63
64
59
63
64
63
61
63
62
64
63
64
64
64
64
64
64
63
64
67
64
65
65
66
64
65
65
66
66
65
