1
1
2
2
1
2
2
1
2
2
1
2

0
0
0
2
1
0
1
0
2
1
1
1
0
0
0
1
0
0
1
0
0
1
0
0
0
0
0
0
0
0
0
0
0
0
0
0
0
0
0
0
0
0
0
0
0
0
0
0
0
0
0
0
4
1
2
0
1
3
2
1
1
2
2
2
1
2
1
3
2
2
1
0
1
1
1
2
74
68
71
73
72
73
74
71
72
74
72
73
71
73
72
72
72
71
72
71
71
68
72
72
72
69
73
72
72
72
73
72
72
73
74
72
73
73
74
73
74
74
75
74
73
74
74
75
73
75
71
74
75
73
69
74
74
73
74
74
74
74
74
73
73
73

68
70
70
69
70
70
64
69
70
69
65
69
69
68
68
69
68
69
69
69
69
68
68
69
68
69
69
71
69
69
68
71
69
69
70
70
71
70
70
67
70
72
70
65
