13
11
12
12
13
12
12
12
10
13
12
12
7
14
13
13
13
14
13
13
13
13
13
12
12
15
13
13
13
13
14
13
13
13
13
13
14
12
15
12
13
13
14
12
13
13
13
13
12
12
13
13
11
12
13
13
12
12
13
12
12
13
12
13
12
12
9
12
12
11
13
13
11
13
12
13
12
11
13
13
13
13
12
14
12
13
13
14
14
12
13
14
14
12
13
12
14
13
14
13
12
13
14
13
14
13
12
12
14
13
12
12
14
13
13
12
14
13
12
12
13
13
11
12
11
13
13
12
11
13
12
12
12
13
13
12
12
13
12
12
12
13
12
13
12
13
13
12
13
12
13
12
12
12
14
12
13
13
14
13
13
13
14
13
14
13
13
13
13
12
13
13
14
13
15
13
13
12
14
12
13
13
13
14
12
13
10
13
13
11
7
13
12
12
12
13
13
11
12
13
