12
12
12
13
12
12
12
13
13
12
12
12
13
12
13
12
14
12
13
13
13
12
13
13
14
13
14
13
13
13
12
13
14
14
13
13
15
13
13
13
13
13
12
13
12
13
14
13
8
14
12
13
13
14
13
11
13
13
13
12
12
14
12
13
12
13
13
11
12
12
12
12
11
12
12
12
12
14
10
12
13
13
12
14
13
13
9
14
13
13
14
14
13
13
13
13
14
13
13
13
12
13
13
14
12
12
13
13
13
12
12
11
12
13
11
7
13
12
12
12
13
12
12
13
12
13
13
12
14
12
13
13
14
13
12
14
13
13
13
1313
13
13
13
13
8
12
12
12
12
12
13
12
12
9
13
12
13
13
14
12
13
13
14
13
12
13
14
13
13
12
14
13
13
14
14
13
12
14
12
14
13
13
10
13
13
12
11
14
13
13
13
14
13
12
12
13
13
12
12
13
