14
14
13
14
13
14
15
13
13
15
13
14
14
14
14
14
14
14
14
13
14
16
15
14
13
9
15
13
14
13
14
14
13
14
14
13
13
13
14
12
13
12
15
13
12
13
13
13
13
13
10
13
13
13
9
15
12
13
13
13
13
13
13
14
13
13
13
15
13
14
13
14
14
14
13
14
14
14
13
9
15
14
15
14
14
14
14
14
14
14
14
13
15
13
13
13
14
14
13
13
13
15
13
13
10
13
13
12
7
14
13
14
13
13
14
12
13
14
12
13
12
14
12
13
13
13
13
12
13
12
14
13
13
9
15
12
13
13
14
14
13
13
13
14
14
14
15
14
14
13
16
15
14
14
13
14
13
13
13
15
14
13
13
14
14
14
14
14
13
13
14
14
13
13
13
14
13
13
13
13
14
13
13
13
13
12
12
9
13
13
13
13
14
12
13
13
13
13
12
13
