8
9
10
7
8
8
8
9
10
7
8
8
9
8
8
9
6
10
8
7
9
3
10
8
8
8
9
9
9
9
9
9
9
10
9
9
10
9
10
9
5
10
9
9
9
10
9
9
9
10
10
9
9
9
4
11
9
9
8
10
10
9
9
9
10
9
9
9
9
9
9
9
9
8
10
9
9
9
6
8
8
8
8
6
9
8
7
7
9
9
9
8
8
8
9
8
9
9
9
9
9
9
9
9
9
9
8
9
10
9
8
8
8
11
9
9
9
10
10
10
10

2
9
9
10
9
9
10
6
9
9
9
9
9
9
10
9
9
10
8
9
8
9
10
9
9
9
3
9
10
8
8
9
9
9
8
8
6
9
8
8
7
9
9
8
9
9
9
8
9
8
9
9
10
8
8
8
10
9
9
9
9
10
9
9
10
9
10
10
9
10
9
10
9
9
8
5
6
9
