9
9
9
9
10
11
9
9
11
9
10
9
5
10
9
9
9
10
9
10
9
8
11
8
9
9
8
10
8
9
8
8
10
9
9
9
9
10
9
9
9
8
8
8
8
9
9
8
8
8
8
9
8
8
9
9
9
8
9
8
9
9
9
8
8
10
9
9
9
9

6
7
10
8
9
8
9
9
8
8
8
9
8
9
7
8
8
10
7
9
8
5
9
9
9
9
7
8
9
8
8
4
9
8
9
9
8
10
9
9
9
10
10
9
10
6
10
9
10
9
11
9
9
9
10
11
9
9
9
10
10
9
8
10
9
9
9
9
8
9
9
9
9
10
6
9
9
10
9
10
9
10
9
11
9
11
10
9
10
10
10
9
9
8
10
9
10
9
6
9
9
8
8
9
9
9
9
8
8
9
8
9
8
10
8
8
7
8
10
8
8
8
8
9
8
8
8
6
8
