8
8
9
4
9
9
9
9
5
10
8
9
10
9
10
9
9
5
8
9
9
8
9
8
9
8
8
8
9
9
9
9
9
9
10
9
9
10
10
9
9
9
10
10
10
9
9
7
10
10
10
9
10
9
10
9
9
10
10
9
8
11
10
10
9
10
8
9
9
9
10
8
9
9
9
9
9
10
8
8
10
9
8
8
8
8
8
8

0
8
8
8
9
8
8
8
9
8
9
8
9
9
9
9
9
9
9
9
9
9
9
11
9
9
9
9
10
10
9
10
10
10
10
10
4
10
9
10
9
11
9
9
9
10
10
9
9
9
10
10
9
9
8
10
9
10
9
6
9
8
9
8
6
9
8
8
8
9
8
8
8
9
7
8
10
9
10
9
9
10
9
10
8
6
9
8
8
9
9
10
8
9
8
10
8
8
8
9
8
8
8
9
9
9
8
8
8
9
8
