8
8
8
8
10
8
9
8
5
10
8
9
8
9
10
9
10
8
10
9
10
9
8
9
10
9
10
10
9
10
9
9
9
10
10
8
0
0
0
1
0
1
0
2
0
0
0
0
0
0
0
0
0
0
0
0
0
0
0
0
0
0
0
0
0
0
0
0
0
0
0
0
0
0
0
0
0
0
0
0
0
1
0
1
0
1
0
4
0
1
0
1
3
1
1
0
1
2
1
1
0
1
3
1
1
0
0
1
1
0
0
0
0
0
0
0
0
0
0
0
0
0
0
1
0
0
0
0
1
0
1
1
1
0
0
1
0
1
1
3
1
1
0
0
3
1
1
0
0
1
0
0
0
0
2
0
0
0
0
1
0
0
0
0
0
0
0
0
0
2
0
0
0
0
0
0
0
0
0
2
0
0
0
0
0
1
0
0
0
0
0
0
0
0
0
0
0
0
0
0
