0
2
1
1
0
0
2
1
0
0
0
1
1
1
0
1
0
1
1
0
0
0
0
0
0
0
0
0
0
2
0
0
0
0
1
0
0
0
0
4
0
0
0
0
2
0
0
0
0
3
0
0
0
0
1
0
0
0
0
0
0
0
0
1
1
0
0
0
1
2
0
0
0
1
1
0
1
1
0
1
1
1
0
1
1
1
1
1
0
1
0
1
0
0
0
1
0
1
1
0
0
1
0
0
0
1
2
2
1
1
0
2
1
1
2
0
2
1
1
1
0
2
1
1
1
1
3
1
1
0
0
2
1
0
0
0
1
0
0
0
0
1
0
0
0
0
0
0
0
0
0
0
0
0
0
0
0
0
0
0
0
1
0
0
0
0
1
0
0
0
0
0
0
0
0
54
48
51
52
52
52
52
52
52
52
52
52
52
52
53
51
52
53
52
53
52
54
52
53
54
