12
12
12
14
12
12
12
12
11
13
13
8
9
13
12
13
13
13
12
12
12
12
12
13
12
14
12
12
12
13
13
12
12
12
12
12
12
11
13
12
12
11
12
12
12
12
13
12
13
12
13
13
12
13
14
12
14
12
14
12
13
12
14
13
13
13
13
14
12
13
13
13
13
12
12
7
11
12
12
12
13
13
12
12
13
13
13
13
14
13
13
12
14
13
13
13
13
14
13
13
9
14
13
13
13
13
13
12
14
14
13
14
13
13
13
13
12
14
13
13
12
11
12
13
12
8
14
12
12
12
12
12
12
11
12
12
12
14
10
13
13
13
12
14
12
13
12
13
12
12
12
12
13
11
13
10
12
13
11
6
13
12
12
11
13
12
12
12
12
12
12
12
13
12
13
12
13
13
12
13
12
13
13
12
10
13
13
12
11
13
13
13
13
14
13
13
13
13
13
13
