12
11
12
12
13
12
14
13
12
13
12
13
13
13
11
13
13
13
8
14
12
13
14
13
13
12
13
14
13
13
13
14
13
12
12
14
14
12
13
12
13
12
12
7
13
12
12
12
13
13
12
12
12
12
12
12
13
12
12
12
12
12
12

9
11
9
13
13
13
12
14
13
13
13
14
13
14
12
14
13
13
13
13
13
13
13
12
14
12
12
13
14
13
14
13
13
13
13
12
14
13
12
13
12
12
13
12
14
12
12
13
12
12
12
12
9
12
12
12
12
13
11
12
12
11
12
12
1
0
0
0
0
0
1
0
0
0
0
1
0
0
0
0
1
0
0
0
0
1
1
0
0
0
1
1
0
0
0
1
1
1
0
1
1
0
1
1
2
2
1
1
2
1
2
1
1
2
1
2
1
1
1
0
1
2
1
1
0
2
2
2
0
0
1
0
0
0
0
1
