1
0
0
3
1
1
1
1
1
0
0
0
0
3
1
0
1
0
1
0
0
0
0
2
0
0
0
0
2
0
0
0
0
1
0
0
0
0
0
0
1
0
0
1
0
0
0
1
1
0
0
0
1
1
0
0
0
2
1
1
0
1
1
1
1
1
1
83
78
81
82
82
79
83
83
83
77
82
83
82
83
84
82
82
83
84
83
82
84
83
83
83
83
84
83
83
83
85
83
83
83
84
83
82
84
82
84
83
83
83
84
82
84
82
83
82
83
82
83
83
82
82
83
82
83
82
83
82
82
82
82
83
81
82
77
76
79
79
79
78
79
78
79
78
79
78
78
78
79
78
79
78
79
78
78
78
79
79
78
79
78
78
78
78
74
78
78
78
76
79
78
79
78
79
78
78
78
79
79
79
79
79
79
79
78
80
79
80
79
80
80
79
79
80
79
79
79

72
77
