78
76
77
76
77
77
76
76
76
76
77
75
71
76
76
75
77
77
75
76
76
76
76
76
76
76
76
76
76
77
75
76
75
76
76
76
76
77
76
76
76
74
77
77
76
72
77
77
76
77
78
76
77
76
77
78
76
77
76
77
77
74
71
74
74
74
75
75
75
74
75
72
75
75
75
70
75
75
75
75
75
74
75
75
75
75
74
75
75
75
74
75
76
74
74
74
75
74
74
75
74
74
74
74
71
74
75
74
68
73
74
74
74
74
73
74
74
74
74
74
74
74
73
74
73
69
71
73
72
72
73
73
72
73
72
74
73
73
73
74
73
72
73
73
73
74
73
68
74
73
73
74
73
72
74
74
74
73
73
73
74
74
73
73
74
73
73
71
75
72
73
73
72
73
72
73
68
73
73
71
72
72
72
72
72
73
72
72
72
67
71
72
72
70
71
72
71
71
71
71
