13
7
11
12
12
12
12
12
12
14
12
14
13
12
14
13
13
11
13
13
12
8
14
13
13
13
14
13
13
13
13
13
13
12
14
12
13
12
14
13
12
12
12
13
12
12
9
14
12
12
12
13
12
12
12
12
13
11
12
12
12
12
11
13
11
11
12
12
12
11
11
9
13
12
12
12
13
13
12
12
13
14
12
12
14
13
13
13
14
13
12
14
13
14
13
12
9
14
13
13
13
14
13
12
13
13
13
12
13
13
13
13
12
14
12
12
13
12
12
12
13
12
13
12
12
8
13
12
12
12
13
11
12
12
13
12
13
12
13
12
12
12
13
12
12
12
12
13
12
12
10
13
13
12
7
14
13
13
13
13
13
13
13
13
13
14
12
14
13
13
13
14
13
13
13
12
13
13
12
9
13
12
12
13
13
12
12
12
12
13
13
12
14
12
12
11
13
12
12
12
