12
13
11
11
9
12
12
12
12
13
12
12
12
12
13
12
12
13
12
13
13
14
13
12
13
14
13
13
14
12
13
13
12
9
15
13
13
13
14
13
13
13
14
13
12
13
14
12
13
11
14
13
12
13
12
13
12
12
8
13
12
12
12
12
13
12
11
13
11
12
11
12
12
12
12
13
12
12
12
12
12
11
12
8
13
12
13
13
13
12
13
13
14
13
12
13
14
13
13
13
14
13
13
12
14
14
12
13
13
13
13
13
13
13
13
13
13
13
13
13
12
13
13
12
12
13
12
12
12
13
12
13
11
12
12
12
12
12
12
12
12
9
12
11
12
12
13
12
13
12
12
12
12
13
13
12
13
12
15
12
12
13
14
13
13
13
12
13
13
14
12
13
13
13
13
13
13
13
13
13
14
13
12
13
13
13
12
14
13
13
12
13
12
12
12
13
13
12
12
9
