12
12
12
12
12
11
12
12
13
12
11
8
12
12
12
7
13
12
13
12
13
11
11
12
13
12
12
12
13
12
12
12
14
12
13
12
13
13
12
14
11
13
14
12
9
14
12
13
13
13
14
13
13
14
13
13
12
15
12
13
12
14
13
13
13
12
13
12
13
11
14
12
12
12
13
13
12
12
13
11
12
11
13
12
11
12
13
11
13
12
14
12
11
12
13
12
12
12
11
13
12
12
9
14
12
13
13
14
13
13
14
14
13
12
13
14
13
13
12
14
13
13
13
14
13
12
13
11
13
13
12
8
14
12
13
13
13
13
12
12
12
12
13
12
14
12
12
12
14
12
12
12
12
12
11
12
9
12
12
12
12
13
11
12
11
13
12
12
12
13
13
12
12
13
12
13
14
13
13
13
13
11
13
14
12
7
14
13
13
13
14
13
12
12
14
12
14
12
14
12
