22
22
22
22
22
22
22
22
16
11
13
15
10
15
15
14
14
15
14
15
15
15
16
15
15
15
15
15
15
16
15
15
14
16
15
15
14
15
15
14
14
11
15
14
13
9
15
14
14
13
14
14
13
14
15
13
14
13
16
13
13
14
13
14
13
14
13
15
13
14
14
15
14
15
13
15
14
14
14
16
14
13
15
15
14
15
14
16
14
15
15
15
15
14
15
13
15
15
14
10
14
15
15
14
15
14
14
15
15
15
14
14
14
14
14
14
15
13
14
14
15
14
14
14
13
14
13
14
13
15
14
13
14
14
13
14
13
14
14
14
13
15
14
14
14
14
14
15
14
16
14
15
14
15
15
14
15
15
15
14
15
11
15
15
14
12
15
15
15
15
16
15
14
14
15
15
14
14
15
14
15
14
15
13
15
14
15
14
14
14
13
15
13
13
9
14
13
14
14
14
