15
13
14
13
14
14
14
11
14
14
13
13
14
14
13
14
14
14
14
13
14
14
13
14
15
13
14
13
15
14
14
14
14
15
14
14
12
15
15
14
10
15
15
14
14
15
14
16
15
16
16
15
14
15
15
15
15
16
15
15
14
16
15
14
15
14
15
14
14
14
16
14
14
15
14
14
14
13
15
13
14
14
14
14
13
13
14
14
13
14
14
13
14
13
15
14
13
14
14
15
13
15
14
15
14
14
15
15
14
15
14
16
14
15
15
15
15
15
15
15
15
15
14
16
14
15
15
15
15
14
15
13
15
14
15
8
15
14
14
14
15
15
13
14
14
14
14
13
15
14
13
13
15
14
13
14
12
15
14
13
9
15
14
14
14
15
14
13
14
15
14
15
14
15
14
14
14
15
15
14
15
15
15
14
15
12
15
15
14
9
16
14
15
15
15
15
15
15
16
15
