15
14
16
14
15
15
15
15
14
14
12
14
14
14
9
15
13
14
14
14
14
13
14
14
14
14
14
15
13
14
13
15
13
14
14
15
14
14
14
12
14
14
14
8
15
14
15
14
15
15
14
15
15
15
15
14
16
14
15
15
16
15
14
15
15
15
14
15
13
15
15
14
14
14
14
14
15
10
14
13
14
13
14
14
13
14
14
14
14
14
15
15
15
14
15
15
15
15
14
15
15
14
11
15
15
15
10
14
15
15
15
15
14
15
15
15
15
14
15
16
15
15
14
16
14
14
14
14
15
13
14
14
14
14
13
14
14
14
14

10
11
13
14
14
14
14
14
14
13
15
15
13
13
15
14
14
15
16
15
14
15
16
15
15
15
15
15
15
15
14
16
15
14
14
15
14
15
15
16
15
15
15
15
15
14
14
15
15
14
14
16
14
14
13
15
14
14
14
14
