23
23
23
23
23
23
23
23
23
14
8
11
13
12
13
13
14
13
12
12
13
13
13
12
14
12
12
13
13
13
12
12
11
12
12
12
8
13
11
11
11
13
12
11
12
12
11
11
11
12
11
11
10
13
11
11
11
12
12
11
12
11
12
11
12
8
14
13
12
13
14
12
13
13
12
13
13
12
14
13
13
12
14
13
13
13
13
13
12
13
10
13
12
12
6
13
12
12
12
13
12
11
11
12
12
12
11
13
11
11
12
12
11
11
11
10
12
11
11
5
12
11
11
11
11
11
11
12
11
11
12
11
13
11
11
12
13
13
12
12
12
14
12
13
11
12
13
13
13
13
12
13
13
13
13
12
13
13
13
13
13
13
12
12
13
13
13
12
12
11
12
11
11
9
12
12
11
12
12
11
12
11
12
12
10
11
12
12
11
11
12
11
11
11
12
12
11
12
11
13
