11
11
11
11
11
10
12
11
12
12
12
11
12
13
13
12
12
12
13
13
12
13
17
13
13
12
14
13
13
13
13
13
11
13
13
14
12
13
11
12
12
12
12
14
12
12
12
12
12
11
12
12
11
12
11
12
11
11
11
12
11
12
11
10
12
11
11
7
12
10
11
11
12
11
11
11
10
12
11
12
13
12
13
12
12
13
12
13
12
13
12
12
11
13
13
12
13
13
12
13
12
13
13
12
12
13
14
12
12
13
12
12
12
14
13
12
11
11
12
11
12
9
12
11
12
11
12
11
11
12
11
12
11
11
12
10
12
11
12
10
11
12
12
12
11
11
9
12
12
12
12
13
12
12
12
13
13
12
13
13
12
14
13
14
14
13
13
14
13
12
13
12
13
13
12
8
14
13
12
13
13
13
12
12
12
12
11
12
13
12
11
11
12
12
12
12
11
11
11
11
