13
12
13
8
12
12
13
11
13
13
12
13
11
13
13
12
9
14
13
14
13
14
13
13
14
14
13
13
13
14
13
14
12
14
13
13
13
14
13
12
13
11
12
13
12
7
13
12
13
12
13
12
11
12
12
12
12
11
13
11
12
12
12
12
12
12
10
11
13
12
12
12
12
13
13
12
13
12
12
11
13
11
12
12
12
12
12
12
9
12
12
13
11
13
12
12
11
13
12
11
12
13
13
13
12
14
12
13
13
14
13
12
13
11
13
14
13
7
14
13
13
13
14
14
12
12
13
13
12
13
9
12
13
12
13
11
13
13
13
13
13
13
13
12
14
14
13
12
13
13
13
13
14
13
13
12
14
12
12
13
13
12
12
12
12
13
11
12
10
13
12
12
12
12
12
12
12
13
12
12
12
12
12
12
12
13
12
13
12
13
12
13
13
9
11
12
12
12
12
12
