12
12
12
14
11
12
12
13
13
12
12
12
13
12
13
8
13
13
12
13
13
14
12
13
13
13
13
13
14
13
13
12
15
13
12
13
13
13
13
13
11
14
14
12
7
14
13
13
12
14
13
12
12
12
12
13
14
8
9
14
12
13
13
13
14
13
13
13
13
13
12
14
13
13
13
13
13
12
12
9
13
12
12
12
13
12
12
12
12
12
12
12
12
12
12
11
13
11
12
12
12
13
12
12
9
12
12
12
12
14
12
13
13
13
13
12
13
13
13
13
1
0
0
1
1
1
1
2
0
0
2
1
1
2
0
0
3
1
2
1
1
0
1
1
0
0
3
1
1
1
0
2
1
0
0
0
2
1
2
0
0
1
0
0
0
0
0
0
0
0
0
1
0
0
0
0
1
0
0
0
0
1
0
0
0
0
0
0
0
0
0
2
0
1
0
1
1
1
0
0
