76
75
76
70
76
76
75
71
76
76
76
76
77
75
77
75
77
76
77
77
76
77
77
76
78
76
77
78
78
77
76
77
76
78
77
76
73
77
76
76
72
77
77
77
76
77
76
76
75
77
77
76
75
76
76
76
75
71
73
75
75
75
71
75
75
74
74
76
74
74
74
75
75
74
73
74
74
74
73
75
75
74
73
75
74
74
74
74
75
73
73
73
74
74
74
69
74
74
73
73
75
74
74
74
75
75
74
74
75
75
74
75
75
75
75
75
75
75
74
75
69
72
72
72
73
67
72
73
71
68
73
73
73
73
74
73
73
73
74
73
73
74
74
73
74
73
75
73
73
72
75
73
73
73
73
74
72
73
72
75
73
73
72
73
72
72
72
73
73
72
72
72
73
73
72
73
72
73
72
72
72
71
72
72
68
70
71
71
70
72
70
71
66
71
71
71
70
71
70
72
