1
1
1
1
2
1
0
1
0
3
2
2
1
0
2
1
0
0
0
3
1
1
0
0
1
0
0
0
0
3
1
0
0
0
1
0
0
0
0
1
0
0
0
0
1
0
0
0
0
2
0
0
0
0
1
0
0
0
0
0
1
1
0
84
79
80
83
82
82
83
82
83
81
83
82
82
77
82
83
82
83
83
83
83
83
84
83
83
84
83
83
84
83
85
83
84
83
84
85
82
83
84
83
82
84
82
84
83
83
78
83
83
84
83
83
83
83
83
84
83
82
83
83
83
82
83
82
82
83
80
75
79
80
79
79
80
79
79
79
80
80
79
79
79
80
78
79
78
80
79
78
78
78
79
78
79
74
78
78
78
78
79
79
78
79
79
78
78
79
79
79
78
78
80
78
79
78
80
78
78
79
80
79
79
79
76
80
79
79
79
80
79
80
76
71
76
75
76
75
76
