12
12
12
11
12
13
12
12
14
12
12
12
14
12
13
13
13
14
13
13
11
13
14
13
9
14
13
14
13
14
13
13
13
14
13
13
13
14
13
13
13
14
12
13
13
13
13
12
13
9
13
13
13
12
13
12
12
12
12
12
12
13
9
12
13
12
12
12
13
13
13
6
13
12
12
13
14
12
13
11
13
12
12
12
12
11
12
12
13
12
11
13
13
13
12
12
10
13
13
12
8
14
12
13
13
13
14
12
13
13
14
13
13
15
14
13
12
14
13
13
13
13
13
13
131
0
0
0
1
1
0
0
0
1
0
0
0
0
0
0
0
0
0
1
0
1
0
0
2
0
0
0
0
1
0
0
0
0
1
0
0
0
1
1
0
1
1
1
1
1
0
0
1
2
1
1
1
1
2
1
2
1
0
2
2
1
1
0
3
1
1
2
0
2
1
1
1
1
2
1
