0
1
0
0
4
1
0
1
0
1
0
0
0
0
3
0
0
0
0
1
0
0
0
0
3
0
0
0
0
2
1
1
0
0
1
1
0
0
1
2
1
1
1
0
2
1
1
0
1
3
1
1
1
1
2
1
1
2
0
1
1
0
1
82
77
80
82
81
81
80
82
81
81
81
80
82
80
81
76
81
81
81
81
82
81
82
81
82
82
81
82
82
82
82
82
83
82
82
81
84
81
82
82
83
83
82
82
80
83
83
82
77
82
82
81
82
82
82
83
83
83
82
82
82
82
81
81
78
75
78
78
78
78
76
79
78
78
74
78
78
77
75
78
77
78
77
79
78
77
78
78
77
77
78
79
77
76
77
78
77
77
77
78
78
77
77
77
77
78
77
73
77
78
77
77
78
77
78
78
78
78
78
78
79
78
78
77
79
78
78
75
71
72
75
75
75
69
75
75
75
