75
75
74
76
75
75
75
75
74
75
74
75
74
76
74
75
74
75
75
74
75
74
75
75
75
70
75
75
75
76
75
75
75
76
76
76
75
76
76
76
76
76
77
76
76
76
77
76
76
75
75
76
75
75
74
70
74
73
73
74
75
74
74
73
75
74
74
74
75
75
73
74
73
74
73
74
71
74
74
73
68
73
74
74
74
74
73
73
73
73
73
72
73
73
73
73
73
74
72
74
72
73
74
73
72
72
73
73
73
68
74
73
72
72
73
73
73
71
67
72
72
72
72
71
72
72
72
69
73
72
72
73
73
72
73
72
73
73
72
72
72
72
72
72
74
71
72
71
72
72
71
72
72
72
71
72
69
72
72
70
67
71
71
71
71
71
71
71
71
72
71
71
71
72
71
72
72
71
71
71
71
65
67
70
70
70
68
70
70
69
70
71
70
70
70
71
70
69
70
71
