9
9
14
13
13
12
13
13
12
13
13
12
14
12
14
12
13
13
14
13
12
12
11
12
12
12
7
13
11
12
12
13
12
11
12
12
12
11
11
13
11
11
11
12
11
12
11
11
12
10
11
9
11
12
11
12
12
11
12
12
13
12
12
12
7
10
12
11
11
11
12
11
11
11
12
10
11
11
13
12
11
12
11
12
12
12
7
13
12
12
13
13
13
12
13
13
13
13
12
14
13
13
12
13
14
12
13
10
13
13
12
8
14
13
12
12
13
12
12
12
12
12
12
11
12
11
12
13
8
11
13
13
12
12
14
12
13
13
13
13
13
12
14
13
13
12
14
13
13
12
12
13
13
13
12
13
12
12
13
12
12
12
13
13
11
11
12
13
12
11
12
12
11
12
11
13
11
11
12
12
12
11
12
10
11
11
12
11
12
12
11
12
8
10
12
11
12
11
12
12
