11
9
13
12
12
11
12
11
11
11
13
11
11
11
12
11
11
12
11
12
12
12
9
12
12
13
12
13
12
12
13
13
13
12
13
15
13
13
13
14
12
12
13
14
13
12
12
12
13
13
12
12
12
12
11

10
11
12
12
11
12
8
13
11
12
12
12
12
11
11
12
11
11
11
12
11
11
11
13
11
11
11
12
11
11
11
9
12
11
12
11
13
13
12
12
14
13
12
13
15
12
13
13
14
14
13
13
12
13
13
12
8
14
13
13
12
12
13
12
1
0
0
0
0
1
3
3
1
1
1
3
1
1
1
1
2
2
1
1
1
2
2
0
0
0
1
0
0
0
1
0
0
0
0
0
1
0
0
0
0
1
0
0
0
0
1
0
0
0
0
0
0
0
0
0
1
1
0
0
1
1
0
0
0
1
2
1
0
1
1
2
1
1
2
1
2
1
2
1
