0
0
0
0
0
0
0
0
0
2
0
0
1
0
2
0
0
0
0
3
1
1
0
0
2
1
1
0
0
3
2
1
1
1
3
1
1
1
0
2
1
2
2
1
2
1
0
1
1
3
1
0
0
1
2
0
0
1
0
0
1
0
0
76
72
76
75
76
77
75
75
75
76
75
77
75
76
75
76
75
76
75
75
76
76
77
75
76
75
76
77
75
72
77
76
77
76
78
77
78
77
78
77
76
78
78
78
76
77
79
76
77
76
78
78
77
78
77
76
77
77
76
78
76
76
75
75
76
76
74
69
73
73
73
74
74
73
73
73
75
73
73
72
74
73
73
73
72
73
72
72
69
73
73
72
67
72
72
72
72
72
72
72
72
73
72
71
72
72
71
72
71
73
71
71
72
73
72
71
72
73
72
72
72
69
73
73
72
73
73
73
74
71
65
68
69
68
69
71
69
