14
13
10
14
15
13
14
14
14
14
13
14
14
13
13
14
13
13
14
15
13
13
13
14
13
13
13
13
13
12
13
11
13
14
12
6
14
12
13
13
15
13
12
13
14
13
14
13
14
13
13
13
14
14
13
14
13
15
13
14
14
14
14
14
14
15
13
14
13
15
14
14
13
14
14
14
14
15
13
14
13
14
14
13
13
13
15
13
13
12
14
13
13
13
14
13
13
14
14
12
13
13
14
13
14
12
13
13
13
13
14
13
13
13
14
14
12
13
11
14
14
12
8
15
13
14
14
15
14
13
14
14
15
14
13
15
14
14
15
14
14
13
14
13
14
14
13
10
14
13
13
8
14
13
13
13
15
13
12
14
13
13
14
12
15
13
13
14
13
13
12
12
12
13
13
13
8
14
13
13
13
14
14
13
14
13
14
14
13
15
14
14
13
14
14
13
13
14
14
14
