13
12
14
14
14
8
15
13
14
14
14
14
14
14
15
14
14
13
15
14
13
13
18
15
13
14
12
14
13
13
8
14
13
13
13
13
13
12
13
14
13
13
13
14
13
13
13
13
13
12
13
11
14
13
13
8
15
13
13
14
14
13
13
14
14
14
14
14
15
13
15
14
15
15
14
14
13
14
13
14
13
15
13
14
14
13
13
14
14
15
13
13
13
14
14
13
13
13
13
13
12
14
13
14
13
14
14
12
13
11
13
13
13
9
13
13
13
13
13
13
13
13
13
14
14
13
15
14
14
13
16
13
14
14
13
14
13
14
12
14
14
13
8
15
14
14
14
15
14
13
14
14
13
14
13
15
13
14
14
14
14
12
14
13
13
13
12
12
14
13
12
13
14
13
12
13
14
13
12
13
13
13
12
13
14
13
13
12
14
13
13
13
13
13
13
13
11
14
14
14
