8
15
13
14
13
14
14
14
14
16
14
14
13
15
14
14
14
14
14
13
14
9
15
14
14
14
14
13
13
14
14
13
13
13
14
13
13
12
14
13
13
14
13
14
12
14
11
13
14
12
8
14
13
13
13
13
14
12
14
13
13
14
13
14
14
14
13
15
13
14
14
14
14
13
14
12
15
14
14
8
15
14
14
14
15
15
14
14
14
13
14
14
15
13
14
14
14
14
13
14
13
13
12
14
13
14
13
13
12
15
14
13
13
13
13
13
13
13
13
12
13
14
13
13
12
14
12
13
13
13
14
13
14
11
14
14
14
10
13
13
13
13
14
14
13
15
15
14
14
14
14
14
14
14
15
14
14
13
15
14
13
14
14
14
13
13
13
15
14
13
13
14
13
13
13
14
13
12
13
14
13
12
13
15
12
13
12
14
13
13
13
13
13
12
13
12
13
13
13
13
