14
13
13
13
14
14
14
14
14
15
13
13
14
14
14
14
15
13
13
14
14
15
13
14
11
15
14
14
9
14
14
14
14
13
15
13
13
14
14
14
13
14
13
14
13
15
13
13
13
13
13
12
13
13
14
13
13
12
14
13
13
12
14
12
13
13
14
13
13
13
15
13
13
13
14
13
14
14
15
14
13
14
14
15
13
14
12
15
14
14
15
14
13
14
13
14
14
14
14
14
14
13
14
15
14
13
13
14
13
13
14
13
14
12
13
11
13
13
12
9
14
12
13
13
13
13
12
12
13
13
13
12
15
12
13
12
14
13
13
14
13
14
13
14
13
15
13
14
13
14
13
14
14
15
14
14
13
14
14
13
14
15
14
14
13
15
14
14
13
14
14
13
14
13
14
14
14
13
14
13
14
13
14
13
13
13
14
13
12
13
14
12
13
12
14
13
13
13
13
13
