13
13
11
14
13
13
8
14
13
13
13
14
14
13
14
14
14
14
14
15
14
14
14
15
13
14
14
15
14
14
13
13
14
14
14
13
14
14
14
14
14
13
14
13
14
14
12
14
14
13
13
13
14
14
13
13
14
13
13
13
12
13
12
13
8
14
13
13
13
13
13
13
14
9
13
13
13
13
13
13
13
13
12
14
13
12
8
14
13
13
13
13
13
13
13
13
13
13
13
14
13
13
13
14
14
13
14
13
14
14
14
9
14
13
14
14
15
15
14
14
15
14
14
14
15
14
14
13
15
13
14
13
13
13
13
14
14
10
14
13
14
14
15
14
13
14
14
14
14
13
15
13
14
14
15
14
14
14
13
14
13
13
11
13
13
13
8
14
13
13
13
14
13
13
13
13
13
14
13
14
13
13
12
14
13
13
13
13
14
13
14
10
14
14
12
14
13
14
14
14
