17
11
13
15
16
15
15
15
15
15
15
14
14
12
15
15
14
9
15
14
14
14
15
15
13
14
15
15
14
13
15
13
14
14
14
15
13
14
12
14
14
14
8
15
13
15
14
15
15
14
15
15
14
15
14
16
15
15
15
15
15
15
15
13
16
15
14
10
15
15
15
15
16
15
15
14
16
16
14
15
15
15
15
14
15
14
15
15
15
15
14
14
13
15
13
15
10
14
14
13
8
14
13
13
14
14
14
14
14
15
14
14
14
15
14
14
14
16
14
14
14
13
15
14
14
10
15
14
14
14
15
15
16
15
16
15
15
15
15
14
16
15
16
15
15
14
16
15
15
15
16
15
14
15
13
15
14
14
10
13
15
14
14
15
14
14
14
15
14
14
14
14
14
14
14
14
13
14
13
15
15
14
14
14
15
14
14
13
14
14
15
9
16
15
14
14
16
15
14
15
