15
15
15
14
18
14
15
15
16
15
15
15
14
15
15
15
10
15
16
14
13
15
14
14
15
15
15
14
14
13
15
14
14
15
13
14
15
14
14
13
14
14
14
14
13
9
15
13
14
14
15
14
14
14
15
14
15
14
16
14
15
14
16
15
15
15
15
16
14
15
12
16
15
15
10
15
15
15
15
16
14
15
15
15
16
15
15
15
15
14
14
17
14
15
13
15
15
14
14
15
15
14
14
11
13
14
14
9
14
13
14
13
14
14
13
14
15
13
14
14
16
13
14
14
15
14
14
15
14
15
15
14
11
15
15
13
13
16
14
15
16
15
15
16
15
16
16
15
15
16
15
15
14
16
15
14
15
15
15
14
15
14
16
14
14
11
14
14
13
12
15
13
14
14
14
14
13
14
14
14
14
14
15
13
14
14
15
14
14
14
15
15
13
15
11
14
15
14
8
15
