14
15
14
15
15
14
15
15
15
16
14
20
16
16
15
16
15
14
15
13
15
15
15
9
16
15
15
14
15
15
13
14
15
15
15
13
16
14
14
14
14
15
13
15
12
14
13
14
9
14
14
14
14
15
14
13
14
14
15
15
14
15
15
15
13
15
14
15
14
15
15
15
15
12
15
15
14
10
15
16
16
14
15
14
15
16
16
15
14
15
16
15
15
15
16
15
14
15
15
16
15
15
13
15
14
15
10
14
15
13
12
15
14
14
14
15
14
13
14
15
14
13
14
16
14
14
13
15
14
14
15
15
15
13
14
14
15
15
14
11
14
15
14
13
15
14
15
15
16
15
15
15
16
15
14
15
16
15
15
14
16
15
15
15
16
15
13
14
12
15
15
14
8
15
14
15
14
15
14
14
14
15
13
14
14
16
13
14
15
14
14
12
14
12
14
14
14
8
15
14
