13
14
13
14
15
14
14
11
14
14
14
9
15
14
14
14
15
15
14
14
15
15
15
14
16
14
15
15
15
15
15
15
15
16
15
14
12
16
15
15
12
16
14
15
15
15
14
15
14
15
15
14
14
15
13
15
13
15
15
13
15
14
15
13
14
14
14
14
14
10
15
14
14
13
14
15
14

11
14
15
14
14
15
16
14
15
15
16
15
15
15
16
15
15
15
15
15
15
15
13
15
15
15
10
15
15
15
16
16
14
15
15
15
15
14
15
15
14
14
14
16
14
14
13
14
15
14
15
13
14
14
14
9
15
14
14
13
14
14
14
15
10
14
14
14
14
15
14
13
14
15
13
14
15
15
14
14
15
12
15
14
13
10
15
14
13
12
15
14
14
15
15
14
15
14
16
15
14
15
16
15
15
15
16
15
16
16
16
16
14
16
15
15
15
15
13
16
15
14
