9
12
13
12
12
14
13
14
12
14
14
13
14
14
14
13
14
11
14
14
14
8
15
13
14
14
15
15
13
14
14
14
14
13
15
13
13
14
15
15
13
14
12
14
14
13
8
15
13
14
13
14
13
13
14
13
13
14
13
13
13
13
13
10
13
14
13
14
12
14
13
13
8
15
14
13
13
14
13
13
13
13
13
13
13
14
13
13
13
14
13
13
12
12
14
13
12
11
13
14
12
8
15
13
14
14
14
14
13
14
15
14
14
13
15
14
14
14
14
14
14
1414
14
14
14
14
9
14
14
14
14
13
14
14
14
10
14
14
13
13
14
14
15
14
14
14
14
13
14
14
14
13
15
13
13
13
15
14
13
13
13
14
13
14
11
14
14
12
8
14
12
13
13
14
13
12
13
14
13
13
13
14
13
14
13
13
13
13
14

10
12
14
13
13
13
14
14
14
14
