15
13
14
14
15
14
14
14
15
14
13
13
15
13
14
13
15
14
13
13
12
14
13
13
9
15
13
13
13
14
13
13
13
13
13
13
12
15
13
12
13
13
13
13
13
12
14
12
13
14
14
13
13
14
9
12
12
13
14
14
13
13
13
14
13
13
13
13
14
13
14
10
14
14
13
12
15
13
14
14
14
15
14
14
14
15
14
14
16
13
14
13
15
13
15
14
14
14
14
14
13
15
13
14
13
14
13
13
13
14
13
13
13
13
13
13
0
0
0
0
0
0
0
1
1
1
0
0
1
0
0
0
0
0
0
0
0
0
1
0
0
0
0
1
1
1
1
3
2
1
1
1
3
2
1
1
1
2
1
1
0
1
3
2
2
1
1
2
2
1
1
1
3
2
2
1
1
2
1
0
1
0
3
2
1
1
0
1
0
1
0
1
0
1
0
1
1
1
2
0
