2
0
0
1
0
0
1
0
1
0
2
1
0
1
0
2
2
0
0
1
2
0
1
0
1
2
1
1
1
1
3
0
0
1
0
3
2
2
1
1
2
1
0
1
0
3
1
1
1
1
1
0
1
1

98
99
100
100
101
100
99
101
101
100
101
94
101
100
100
101
100
100
101
101
101
99
95
100
100
100
101
101
99
101
100
100
100
93
100
99
100
99
100
99
98
99
100
100
99
101
99
99
99
101
99
99
99
100
100
99
100
100
100

92
95
96
96
97
96
96
96
96
96
95
97
95
96
92
96
96
95
95
97
95
96
95
96
96
95
96
96
95
94
95
96
95
95
95
96
95
95
95
95
95
94
95
92
95
95
94
94
95
95
94
94
96
95
95
95
96
95
95
96
95
95
96
93
87
88
92
93
90
92
92
91
93
92
92
92
92
92
92
92
92
93
94
92
93
