92
94
92
93
92
93
94
92
93
92
94
92
92
89
92
92
93
92
92
93
93
92
93
92
93
92
92
92
92
92
93
92
92
92
93
91
92

91
92
91
91
90
89
91
90
90
89
91
90
89
90
89
90
88
91
88
89
89
89
83
89
90
89
89
90
89
89
89
90
89
89
89
89
90
88
89
91
89
90
89
91
90
90
90
89
91
89
90
88
90
90
90
85
89
90
91
91
91
90
90
91
90
90
90
88
85
87
88
88
88
83
88
88
89
88
89
88
89
88
89
89
88
88
89
88
89
88
90
88
88
89
88
88
87
88
87
89
87
88
86
87
88
89
87
88
86
88
88
88
88
86
87
88
87
88
87
89
86
87
87
88
87
87
88
87
88
87
87
83
84
87
86
86
82
87
86
87
86
87
86
87
86
87
87
85
86
86
87
86
87
87
85
86
85
87
86
85
86
85
