12
13
12
13
13
13
12
10
11
12
12
12
13
13
13
12
13
14
11
13
11
13
12
13
9
14
12
13
13
14
14
12
13
13
13
12
13
14
13
14
12
14
13
13
13
14
13
12
12
11
13
12
13
9
13
12
12
12
12
13
12
12
13
12
12
12
12
11
11
13
8
10
13
12
12
12
13
12
12
12
12
12
12
13
13
13
12
11
13
12
11
12
12
12
12
12
9
13
12
12
12
13
13
12
12
13
13
12
12
14
12
12
13
14
14
13
13
13
13
12
13
9
15
12
14
12
13
13
13
13
12
12
13
13
12
12
13
13
12
15
13
13
13
13
13
13
13
11
13
13
12
8
14
12
13
13
13
12
12
12
13
13
13
12
14
12
12
11
13
13
12
12
12
12
11
11
11
12
12
12
11
12
12
12
12
12
12
12
12
13
12
12
12
12
13
12
12
10
12
12
