0
1
0
0
0
2
0
1
0
0
2
1
0
0
0
3
1
0
0
0
2
1
1
0
0
2
2
1
1
0
3
2
1
1
1
3
2
0
1
1
2
1
2
1
0
2
2
0
1
1
3
1
1
1
1
2
0
1
0
1
0
0
1
0
81
77
79
80
75
80
80
81
80
80
80
80
80
81
80
80
80
80
81
81
80
82
80
80
81
81
81
80
82
81
82
80
82
78
82
81
80
75
81
80
81
81
82
80
80
81
82
81
81
81
81
81
80
80
82
81
80
79
82
81
80
80
81
81
80
80
78
74
76
76
77
77
77
77
78
77
77
76
76
76
78
77
75
77
77
76
77
76
78
77
75
76
76
77
75
76
74
77
76
75
70
76
76
76
77
77
76
78
76
76
77
76
76
78
77
77
77
79
77
77
77
78
77
77
78
77
77
77
7774
70
74
74
75
73
75
75
