74
75
74
75
73
75
73
75
74
75
73
74
74
74
74
74
74
74
73
75
75
73
74
75
73
74
73
76
74
74
74
74
75
74
74
72
76
74
75
71
75
75
75
74
76
74
75
75
76
75
75
75
75
74
76
73
69
72
72
73
72
74
73
73
73
74
73
73
73
74
74
73
74
73
73
73
73
74
74
72
73
73
73
73
72
73
73
72
72
72
73
73
72
72
73
73
72
72
71
72
71
73
68
72
73
71
69
73
72
72
72
72
72
72
72
72
73
72
71
67
69
71
71
70
66
71
70
70
68
71
71
71
70
72
71
70
70
71
72
70
70
72
72
71
71
72
72
71
71
71
72
71
72
68
72
72
71
66
71
72
72
71
72
71
71
71
73
71
71
72
71
72
72
70
72
71
71
71
71
70
70
71
67
69
71
69
70
67
70
70
70
70
70
70
71
69
70
70
69
69
