7
10
12
11
11
9
11
11
12
11
13
11
11
11
12
11
11
12
11
11
12
11
12
11
12
12
13
12
12
12
11
14
13
12
8
14
13
13
13
14
14
13
12
13
13
13
13
14
13
12
12
14
12
13
12
12
13
12
1211
12
13
12
13
9
12
12
13
13
14
12
13
12
11
13
13
13
10
13
12
12
7
14
12
12
12
12
12
12
12
12
12
12
11
12
12
11
11
12
12
11
12
10
12
12
11
11
12
11
11
11
12
11
12
12
12
11
12
12
12
12
12
12
13
13
13
2
0
0
0
0
0
4
1
0
1
1
3
2
1
1
2
4
2
1
2
3
3
2
2
1
2
2
2
2
1
1
3
3
2
1
1
3
2
0
0
0
3
1
1
1
0
3
1
0
1
0
1
1
0
0
0
2
1
0
0
1
1
0
0
0
0
1
0
0
0
0
1
0
0
0
