0
0
0
0
0
0
0
0
0
0
0
0
0
0
0
0
0
0
4
1
0
1
1
3
1
1
1
1
2
1
2
1
1
3
2
1
2
1
2
1
0
0
1
2
2
2
1
1
2
2
0
1
1
3
1
1
1
0
2
0
0
0
0
0
0
0
0
77
73
77
76
76
77
77
76
76
77
76
76
76
76
76
76
76
75
77
76
76
73
77
77
76
75
78
77
77
78
78
77
77
77
79
77
77
78
78
78
77
78
79
77
77
77
79
78
76
79
77
78
78
77
73
78
77
76
77
78
76
76
76
76
76
76
76
70
73
74
73
74
69
74
73
74
73
74
73
73
73
74
73
72
73
73
73
73
72
74
73
73
73
73
73
72
72
72
73
72
72
71
72
72
73
72
73
72
73
72
73
73
72
73
73
73
73
73
75
74
74
73
75
74
74

74
74
74
74
70
67
71
