70
72
70
69
71
70
71
67
71
70
70
65
70
70
70
70
71
70
70
69
70
71
69
70
70
70
69
69
71
70
71
70
71
71
70
71
71
71
70
71
68
71
72
70
66
72
71
71
72
73
71
72
71
72
72
71
72
71
71
71
69
64
68
68
68
69
68
69
69
67
68
68
69
69
68
69
68
68
67
69
69
67
68
68
69
68
68
66
69
69
68
63
69
70
69
69
71
68
69
69
71
70
69
70
70
69
70
69
71
70
70
69
70
71
69
70
70
69
70
6968
69
69
68
69
64
68
68
68
68
68
68
69
68
70
68
68
68
69
68
68
68
68
67
67
67
67
68
68
68
66
68
67
67
67
68
67
66
68
67
67
66
66
68
66
67
66
68
67
67
66
66
67
67
67
63
68
67
67
62
68
68
68
69
68
68
69
66
63
65
67
67
67
61
66
67
67
67
67
66
66
