10
11
11
10
10
11
5
11
11
11
10
12
11
11
12
12
12
12
12
13
12
12
12
13
12
12
12
12
13
12
12
9
12
13
12
11
13
11
11
11
12
11
10
11
11
10
11
11
12
10
10
10
11
11
9
10
5
11
10
10
11
10
10
10
10
10
10
11
9
10
10
9
10
4
12
10
11
10
11
12
10
11
12
11
12
11
14
11
12
12
13
12
13
12
12
12
11
12
11
12
12
12
11
12
12
12
11
13
12
11
12
12
11
10
11
12
9
11
11
10
10
11
10
9
12
11
10
9
10
9
10
10
11
9
9
9
10
10
10
9
9
11
10
10
11
4
11
11
11
10
12
11
12
11
12
11
12
12
12
12
12
11
14
12
12
12
12
13
11
12
9
11
12
12
12
13
11
12
11
12
11
10
11
12
11
10
11
12
10
11
11
10
11
10
10
10
11
10
9
9
