11
11
11
12
11
11
11
9
11
11
10
10
11
10
10
11
11
10
10
9
12
9
10
9
5
11
10
10
10
10
10
10
10
11
10
10
10
12
10
11
11
12
12
11
11
12
12
11
11
8
13
11
13
12
13
12
12
13
13
11
11
12
13
12
12
11
12
12
11
11
12
12
11
12
10
11
11
10
6
12
10
10
10
10
11
9
10
11
10
10
9
7
10
10
10
10
10
9
10
10
10
10
10
10
13
10
10
10
12
11
10
11
10
12
12
11
6
14
11
11
12
13
12
12
12
12
12
12
12
13
11
11
12
12
13
12
12
10
12
12
11
6
12
11
11
10
11
11
10
10
11
10
10
10
11
10
10
10
10
10
10
10
9
9
10
9
10
10
9
10
10
11
11
9
10
5
12
10
11
11
11
12
11
11
12
12
12
11
13
11
12
12
13
13
11
12
11
12
12
12
