23
23
23
23
23
23
23
23
14
8
11
12
12
14
13
12
13
13
12
12
12
13
13
12
12
11
13
12
13
9
13
12
12
12
12
12
11
12
13
12
12
12
13
12
13
12
14
12
13
13
13
13
12
13
12
13
14
13
9
14
13
13
13
14
13
13
13
14
13
13
13
15
13
13
13
14
13
13
13
13
13
12
13
13
13
12
13
9
14
11
13
13
13
12
12
12
13
13
13
12
14
12
12
11
14
12
12
12
12
13
12
12
10
13
12
12
6
14
12
12
12
14
13
12
13
14
12
13
13
14
12
13
13
13
14
13
13
10
14
14
13
7
14
13
13
13
13
13
12
13
13
13
13
12
14
13
12
13
14
13
13
13
12
13
13
13
9
13
12
13
13
13
12
13
12
12
12
13
12
14
12
12
12
14
11
13
12
13
13
12
13
10
13
13
13
7
14
13
13
13
