12
13
7
14
12
12
13
15
13
13
13
14
13
13
12
15
13
13
13
17
14
12
13
13
14
12
14
9
13
13
12
13
14
12
13
12
12
13
14
12
14
11
13
12
14
12
12
12
13
12
12
12
10
12
12
12
6
13
12
12
12
13
12
12
13
12
12
12
12
14
12
13
13
14
13
13
13
12
14
14
13
8
14
12
14
13
14
13
12
13
14
13
13
12
14
13
13
13
14
14
12
13
13
13
12
12
11
13
12
12
12
13
12
12
12
12
12
12
12
12
12
12
12
14
12
12
12
13
12
13
13
13
13
11
12
11
12
13
12
7
14
12
13
13
13
13
13
13
14
14
13
13
14
12
13
13
14
13
13
14
13
14
12
13
8
14
13
12
12
14
12
13
12
13
12
13
12
14
13
12
12
14
12
12
12
13
12
12
12
12
14
11
13
10
12
12
12
12
13
12
