13
12
12
12
13
12
12
12
11
13
12
11
7
13
12
12
13
13
12
12
13
13
13
13
12
14
13
13
14
13
13
12
13
12
14
13
13
7
15
13
13
13
14
13
12
14
13
13
13
13
14
12
13
13
14
13
13
12
12
13
12
12
11
13
12
13
12
12
12
12
11
12
12
12
14
8
12
12
11
12
13
12
12
13
13
12
12
13
11
13
13
12
7
14
12
13
13
14
12
12
14
14
13
14
13
14
13
13
13
13
14
13
13
13
14
12
13
11
13
13
13
13
14
13
13
13
13
12
12
12
13
13
13
11
13
13
12
14
9
9
13
13
13
13
14
12
13
13
13
13
12
12
14
12
13
12
14
13
12
13
12
13
12
12
9
13
12
12
13
13
11
12
12
13
13
12
12
13
12
13
12
14
13
13
13
14
13
13
13
13
13
13
12
9
14
13
13
13
13
14
