12
14
12
13
13
14
14
12
13
13
13
13
13
10
14
13
12
7
14
12
12
12
13
14
11
13
13
12
13
12
14
12
12
12
13
12
12
12
12
13
11
12
8
13
12
13
12
13
13
12
12
13
13
12
13
14
13
13
13
14
13
13
14
13
13
13
13
13
14
13
13
9
14
13
13
13
12
14
12

9
11
14
13
12
13
13
13
12
12
10
12
12
12
6
13
12
12
12
12
13
11
12
13
12
12
12
13
12
12
13
13
13
12
12
11
13
13
12
7
14
13
13
13
14
13
13
13
14
13
13
12
14
13
13
13
14
13
13
14
13
12
13
14
13
9
12
12
13
13
14
13
13
12
15
13
13
13
14
14
13
14
13
13
13
13
10
14
12
13
8
14
13
12
12
13
13
12
12
13
12
12
12
13
12
13
11
14
12
11
12
12
13
11
12
9
14
12
13
12
