13
12
8
14
12
13
12
12
13
12
12
12
13
13
12
14
12
12
12
13
12
12
12
12
13
12
13
10
12
12
12
7
13
12
13
12
13
13
12
13
14
13
13
13
14
12
14
12
14
13
13
14
12
14
12
13
12
14
13
13
12
13
13
14
13
14
12
13
13
13
13
12
13
13
13
12
12
13
12
12
12
13
13
12
12
11
13
12
12
9
13
11
12
12
12
12
12
12
13
12
12
12
14
12
12
12
13
13
13
13
14
14
12
13
12
14
13
12
8
15
13
13
13
14
13
13
13
13
13
13
12
14
13
13
12
14
14
13
13
12
13
12
13
9
13
13
12
13
13
12
12
12
12
12
12
12
13
12
12
12
13
12
12
12
10
12
12
12
7
14
12
13
12
13
13
12
13
13
13
13
12
14
13
13
13
14
13
13
13
13
13
12
13
10
13
14
13
7
14
13
