11
6
9
10
10
10
11
11
10
10
10
11
10
9
9
11
10
9
9
9
10
11
10
10
4
11
10
11
10
11
10
10
11
11
11
10
11
12
11
12
11
12
11
11
11
13
11
11
12
10
11
12
11
6
13
11
11
12
12
11
11
11
11
11
10
10
13
9
11
10
9
11
10
11
9
12
10
9
9
11
10
10
10
4
11
9
9
10
10
10
9
9
7
12
9
11
10
11
10
9
10
9
10
11
11
7
12
11
11
10
12
11
11
12
12
12
11
10
13
11
11
12
11
12
11
11
8
12
11
11
10
11
12
10
10
11
10
10
10
11
11
10
10
12
10
10
10
10
10
10
10
7
11
9
11
10
10
9
11
9
10
10
9
10
9
11
10
10
10
10
10
10
10
12
10
11
10
12
11
11
12
11
11
10
12
8
12
12
11
11
13
11
11
11
12
11
10
12
11
11
