12
10
12
11
10
11
11
11
9
10
5
12
10
10
9
11
10
9
11
11
11
9
10
10
10
9
9
10
10
10
10
8
6
10
11
10
10
11
9
10
10
11
10
11
10
13
11
11
11
13
11
11
11
10
12
11
11
8
12
11
12
12
12
11
11
11
12
11
11
11
12
11
11
11
12
10
10
11
10
10
11
10
7
11
10
10
9
10
10
10
10
11
9
10
10
8
10
10
11
9
12
9
10
9
10
11
9
10
9
12
11
10
11
11
11
11
11
12
11
11
11
12
12
11
11
11
12
10
11
9
11
12
11
11
13
10
11
12
12
11
10
11
11
11
11
10
12
10
10
11
11
10
11
10
9
11
10
10
11
11
9
10
10
10
9
10
10
10
10
9
10
4
11
9
10
10
11
11
10
10
11
11
10
11
11
11
10
11
10
12
10
11
6
12
11
12
11
12
12
11
