12
12
12
11
11
13
12
10
11
12
11
12
11
11
11
10
12
8
11
10
11
10
13
10
10
10
10
11
9
9
11
10
10
9
8
11
10
9
10
10
10
10
9
7
9
10
11
10
11
11
10
10
11
10
10
11
13
10
11
10
12
11
11
12
11
12
11
11
11
12
12
11
11
13
11
11
12
12
13
11
10
11
11
10
10
13
11
11
10
11
10
10
10
10
11
10
10
6
11
10
10
10
11
9
9
10
12
9
9
9
9
11
10
10
9
10
10
10
10
4
12
10
10
10
11
10
11
11
12
11
11
11
13
11
11
11
13
11
12
12
12
11
11
12
11
12
11
12
8
13
11
11
11
12
11
11
10
12
11
11
10
11
10
10
10
11
11
10
10
10
10
10
10
11
10
9
10
9
10
10
9
9
11
10
9
10
10
10
10
10
10
11
11
10
10
11
11
11
11
12
