9
6
10
10
11
10
12
11
11
11
12
11
10
12
12
11
11
11
13
11
12
11
12
12
11
12
10
12
11
11
7
13
11
12
11
12
11
10
11
11
11
10
10
11
10
11
10
11
11
9
10
5
11
9
10
10
10
10
8
9
5
11
9
10
10
10
9
10
10
10
10
10
11
9
10
10
10
9
13
11
11
11
12
11
11
11
12
11
11
11
13
11
12
11
12
12
10
11
11
12
11
11
10
10
11
11
11
12
10
11
11
11
10
10
10
11
10
10
10
11
10
10
9
9
10
10
10
10
10
9
10
10
10
10
10
10
11
9
10
10
8
10
10
11
10
11
10
11
11
12
11
10
11
12
11
12
10
13
11
11
13
12
11
11
11
11
11
11
11
8
13
11
11
11
12
12
10
11
10
11
11
10
11
10
10
10
12
9
10
10
7
10
10
10
10
11
10
10
9
10
