10
10
9
10
11
9
9
10
11
11
10
10
9
11
10
10
9
11
11
10
9
12
12
11
11
11
12
11
11
12
11
12
11
12
11
11
12
12
12
11
12
7
11
11
11
11
12
10
11
11
12
12
9
10
11
10
10
11
10
10
10
10
10
10
10
10
6
11
10
10
9
10
10
9
10
10
10
10
10
10
11
10
10
9
12
10
10
12
12
9
11
11
13
10
11
11
12
12
12
11
11
12
11
12
11
12
11
11
10
7
11
11
11
11
12
11
11
10
13
11
10
11
12
11
11
11
10
11
11
10
7
11
11
10
10
11
11
10
10
10
10
9
10
11
10
9
10
5
11
10
10
10
11
10
9
10
11
9
10
10
9
11
10
11
11
11
11
10
11
11
11
11
10
6
5
10
9
10
10
11
10
10
10
11
10
10
11
11
11
10
10
9
11
11
11
11
13
10
12
10
