12
11
12
12
13
12
13
11
13
12
12
8
13
12
12
12
13
12
13
13
13
13
12
13
17
13
13
12
14
13
13
14
13
12
13
12
9
14
13
13
12
13
13
12
13
13
13
12
12
13
13
12
12
13
12
12
12
13
13
12
12
11
13
12
11
8
13
12
12
12
12
12
11
12
12
12
12
12
13
11
12
12
13
13
12
13
12
13
13
12
10
13
13
12
7
13
13
13
12
14
13
12
13
14
12
13
12
13
13
13
13
12
13
12
12
9
13
13
13
12
13
11
12
12
13
13
11
12
13
12
12
11
13
12
11
12
12
13
11
12
9
12
12
12
12
12
11
12
12
12
12
12
12
13
12
12
11
14
12
13
12
13
13
12
12
12
13
12
13
9
14
13
13
12
13
13
12
13
13
13
13
12
14
12
13
12
13
13
12
12
13
13
11
12
12
13
11
12
11
12
