12
14
13
12
12
12
12
12
12
8
13
12
12
12
13
12
12
11
12
13
11
11
14
11
12
11
12
12
11
12
12
12
12
12
11
13
13
12
12
13
12
12
12
14
13
13
12
13
13
12
13
14
12
13
12
14
13
13
13
13
13
12
12
12
14
12
12
12
12
12
12
13
12
12
12
12
12
12
11
13
8
10
12
12
11
12
12
13
12
12
13
12
11
12
12
12
11
12
9
12
12
12
12
12
11
12
12
13
12
12
13
13
13
13
11
14
11
13
13
13
14
12
13
12
13
13
13
9
15
13
12
13
14
12
13
13
14
13
13
13
13
12
12
13
9
12
13
12
12
12
14
13
12
13
13
12
12
12
15
12
13
13
13
14
13
14
11
13
12
13
9
13
13
13
12
14
12
12
12
12
13
11
12
12
12
12
12
13
11
12
12
12
12
10
11
12
12
11
12
8
