23
23
23
23
23
23
23
23
13
8
11
12
12
12
13
12
12
11
13
13
12
12
11
13
11
12
10
12
12
12
6
13
11
12
11
13
12
11
13
12
12
13
12
14
12
13
13
14
14
12
13
12
13
13
13
9
14
13
13
13
14
13
12
12
13
13
13
13
14
12
13
12
14
13
12
13
13
12
11
12
10
12
13
12
7
13
12
12
12
13
12
11
12
13
12
12
11
13
12
11
12
12
12
12
13
11
12
12
12
7
14
12
12
13
13
13
12
13
13
13
13
13
14
13
13
13
13
13
12
14
13
13
13
13
12
14
13
13
13
13
13
13
12
14
13
12
12
12
12
12
12
13
12
12
12
13
12
12
12
12
12
12
12
10
12
12
12
7
13
11
13
12
12
13
11
12
12
12
13
12
13
12
12
13
13
13
13
13
13
14
13
13
9
14
13
13
13
15
13
13
