12
11
6
12
11
10
11
12
11
10
12
11
10
10
10
10
11
10
10
12
10
10
10
11
10
9
10
9
10
10
9
12
6
11
11
11
10
10
10
10
10
10
12
10
10
9
10
9
11
9
11
11
10
9
10
11
9
10
10
9
12
9
11
10
10
10
10
9
12
11
10
10
10
12
11
11
7
13
11
11
11
12
12
11
12
11
11
11
11
13
11
11
11
10
11
12
11
6
8
11
11
11
11
12
11
11
11
12
11
11
11
12
11
11
11
13
11
11
12
11
12
10
11
10
12
11
11
10
11
11
11
10
11
10
10
10
11
10
10
11
11
10
10
9
11
10
9
10
7
11
10
10
9
11
10
10
10
10
10
10

0
0
0
0
0
0
1
0
0
0
1
0
0
0
0
0
0
0
0
1
0
0
7
1
0
0
1
3
1
1
2
0
2
1
0
0
1
2
2
