69
68
69
67
69
69
68
63
69
69
69
69
69
67
69
68
69
68
68
68
69
69
68
68
68
69
69
67
63
63
66
67
66
62
66
66
65
65
67
66
66
66
66
66
67
66
67
67
67
67
67
66
67
67
68
67
67
67
67
67
67
67
67
68
67
67
67
68
68
68
68
68
67
68
67
68
67
66
67
68
68
67
66
62
68
67
67
67
66
66
67
62
65
66
66
66
66
67
65
66
65
66
65
65
65
66
65
65
65
66
65
64
65
63
65
65
65
60
64
64
64
61
64
64
65
64
65
63
65
64
64
64
65
64
65
65
65
64
66
65
65
65
66
67
65
65
65
66
66
65
65
66
66
66
64
60
62
64
63
63
65
64
63
64
65
64
64
64
65
64
65
63
65
65
64
64
66
65
64
64
65
65
63
65
62
65
64
65
65
64
64
65
63
65
64
64
64
64
63
64
