2
1
1
1
1
2
1
1
1
0
2
0
1
0
0
3
0
0
0
0
0
0
0
0
1
0
0
0
0
0
0
0
0
1
0
0
0
3
0
0
1
0
2
1
0
2
1
2
1
1
1
1
3
2
1
1
1
2
1
1
1
0
2
1
1
2
1
3
1
1
0
0
2
1
0
1
0
2
1
0
0
0
0
0
0
0
0
2
0
0
0
0
1
0
0
0
0
0
0
0
0

69
73
73
73
73
74
73
72
73
72
73
72
72
69
73
73
72
71
73
72
73
72
73
72
72
72
72
72
71
72
72
72
73
71
73
72
73
73
73
73
72
73
71
73
73
73
69
74
74
73
73
74
73
74
74
74
74
74
73
74
74
73
69
66
69
69
69
70
67
71
70
69
65
70
70
69
70
71
70
70
71
71
70
69
70
70
70
70
69
71
69
70
69
70
70
69
70
69
