9
11
10
9
10
3
10
9
10
9
11
9
8
9
9
10
10
9
10
10
9
9
9
9
10
8
9
8
9
9
9
8
9
9
9
9
9
9
9
10
9
10
9
10
9
9
9
9
12
10
10
10
11
9
10
10
6
11
10
10
10
11
10
10
10
11
10
10
10
12
11
11
9
10
11
10
9
11
10
9
10
10
10
10
9
10
10
9
9
10
10
10
9
8
9
10
9
9
9
10
9
9
8
9
9
9
9
9
9
9
10
9
9
9
5
10
9
9
11
10
10
10
10
10
10
9
10
5
12
11
11
10
11
11
10
10
10
11
10
10
12
9
9
10
4
11
10
11
10
11
10
9
9
11
10
9
9
9
10
9
10
9
7
9
10
9
9
11
9
9
9
9
9
10
9
8
8
10
10
9
9
10
9
9
9
8
11
9
10
9
4
10
9
9
9
11
10
10
10
4
