10
10
10
10
11
10
10
10
11
11
10
10
11
10
11
10
11
10
11
11
11
10
9
10
4
11
9
10
10
11
10
10
9
8
10
10
9
9
10
10
9
10
14
9
9
8
9
11
9
9
9
10
10
9
8
9
9
9
9
9
9
8
10
10
9
9
10
10
9
9
10
10
9
10
10
11
10
10
11
11
11
9
10
12
10
10
10
11
10
10
10
10
11
10
10
9
10
10
9
10
10
9
9
10
10
9
10
9
9
10
10
9
9
5
10
8
8
8
10
9
11
9
9
9
9
8
9
10
10
8
8
8
9
10
9
10
8
10
10
9
10
10
10
10
10
4
11
10
11
10
11
10
10
10
12
11
10
10
11
10
11
10
11
10
10
10
11
11
9
10
9
11
10
9
10
10
10
10
9
5
10
10
9
9
10
10
9
10
10
9
9
9
9
10
9
9
9
9
9
10
