10
9
10
10
9
9
9
10
9
9
9
11
9
9
9
9
9
9
9
8
9
9
9
9
9
9
9
9
9
9
9
10
10
9
10
10
9
9
9
9
11
10
10
10
11
10
11
9
5
11
10
10
10
11
10
10
10
10
10
10
10
10
10
10
10
12
10
10
10
10
10
9
10
4
11
9
9
9
9
10
10
9
8
11
9
9
9
9
9
9
9
9
9
10
9
9
9
6
10
9
9
9
10
8
9
9
9
11
9
9
9
10
10
9
9
10
11
9
9
10
10
11
11
10
10
11
10
10
10
11
11
10
10
11
10
10
10
11
11
11
10
9
10
10
9
10
11
10
9
10
10
9
9
9
10
11
9
9
9
8
9
10
9
10
10
10
9
9
6
9
9
10
9
10
9
9
9
9
10
9
9
9
9
10
10
9
9
11
9
10
10
10
10
10
10
10
11
10
10
10
