10
8
9
9
8
9
10
10
9
9
9
10
11
9
8
10
11
10
11
10
8
10
11
9
11
11
10
10
10
11
10
10
10
11
10
10
9
9
11
10
10
10
11
10
10
10
10
10
9
9
10
10
8
9
9
10
10
9
9
9
10
9
9
9
10
9
9
9
10
10
9
10
9
9
9
9
9
9
9
9
9
9
9
10
10
9
9
10
11
9
9
9
10
10
9
10
10
12
9
9
10
11
10
11
10
11
10
10
10
10
11
10
10
6
11
10
10
10
11
10
9
10
11
10
10
9
10
9
9
10
9
11
9
10
9
6
10
9
9
9
10
9
8
8
9
11
8
8
9
9
10
9
9
10
8
10
9
9
10
10
9
9
9
9
10
10
9
10
10
10
10
9
6
11
11
10
10
11
9
11
10
10
11
10
10
11
10
10
10
11
10
10
10
10
10
10
10
8
10
11
