12
11
12
12
12
12
12
12
11
12
12
13
12
12
11
10
13
12
11
8
14
12
12
12
13
12
11
12
13
13
12
13
14
12
13
13
14
12
13
12
13
13
13
13
11
13
13
13
7
14
13
12
13
12
12
12
13
10
13
12
13
13
13
14
12
13
8
14
12
12
14
14
12
13
13
13
12
13
13
13
12
13
12
13
12
12
12
13
12
11
13
11
12
13
11
7
13
11
12
11
13
12
10
12
12
12
12
12
13
12
12
11
13
13
12
12
13
12
12
121
0
0
0
0
0
1
0
0
0
0
1
1
1
0
1
3
1
1
1
1
3
2
1
1
1
3
1
1
1
2
2
1
1
1
2
2
0
0
0
1
2
1
0
0
1
1
0
0
0
1
1
0
1
0
1
0
0
0
1
0
1
0
0
0
1
1
0
0
0
0
1
1
0
0
0
0
0
0
0
1
