0
0
2
0
0
0
0
3
0
0
0
0
5
1
0
0
0
2
1
0
1
0
2
1
1
1
0
2
1
1
1
1
1
1
1
1
1
1
1
0
1
1
1
1
0
0
1
1
1
1
0
1
2
1
0
1
0
1
1
1
0
82
77
80
82
81
82
81
82
81
82
82
81
81
82
81
82
82
82
81
82
81
83
82
81
83
81
82
82
83
77
82
82
83
82
83
82
83
83
83
83
83
82
83
83
82
82
83
82
82
83
83
83
82
82
81
83
82
81
78
82
81
82
81
81
81
81
79
74
78
79
78
79
75
78
78
77
76
79
78
79
78
79
79
78
78
79
79
78
78
79
78
78
77
79
78
78
78
78
78
78
78
74
78
78
76
73
78
78
77
78
78
77
78
77
78
78
77
78
78
77
78
77
79
77
78
78
77
78
77
77
72
75
76
77
73
76
77
76
73
