76
76
77
76
77
77
76
76
77
75
75
76
77
76
76
75
77
76
76
75
77
76
75
76
75
76
75
76
73
76
76
75
75
75
75
75
75
76
76
74
75
76
75
75
76
77
76
75
75
76
76
76
75
76
76
75
73
69
72
73
73
73
73
74
73
73
71
74
74
73
68
73
74
73
73
74
74
74
73
75
74
74
74
75
74
74
74
76
74
74
74
75
75
74
74
74
74
74
74
74
75
74
75
73
74
74
74
75
74
73
73
73
74
73
74
73
73
73
73
73
69
68
72
73
71
72
73
71
72
72
73
72
71
71
73
71
72
71
73
72
72
72
72
72
70
72
70
72
72
71
66
72
72
71
71
73
72
72
72
72
73
71
72
73
73
73
73
73
72
72
73
74
73
72
73
72
72
73
72
72
72
72
73
72
67
71
71
71
70
71
72
70
71
71
71
72
71
72
71
71
