13
15
13
13
12
14
12
13
12
13
13
12
12
12
12
13
12
9
14
13
14
13
16
14
12
13
14
14
14
14
15
13
14
13
14
14
13
14
13
14
14
14
10
14
14
14
8
14
13
14
14
14
14
13
13
14
13
14
13
14
13
13
13
14
14
12
13
12
13
13
13
8
13
13
13
13
13
13
12
12
13
13
13
13
14
12
14
12
13
13
13
13
13
13
13
14
11
14
14
13
7
15
13
13
14
14
14
14
14
15
13
13
13
15
13
13
14
14
15
13
14
10
13
13
12
8
14
13
13
13
13
13
12
13
14
13
13
12
14
12
12
12
13
13
13
13
11
13
12
13
8
13
12
13
12
14
13
13
13
14
13
13
12
15
13
14
12
15
14
14
15
13
14
13
13
10
14
14
13
8
14
14
14
14
14
14
13
14
15
13
14
13
14
13
13
14
14
13
13
13
