12
14
13
13
8
13
13
13
12
13
12
12
12
13
13
13
12
13
13
13
12
14
13
12
14
13
13
12
13
12
14
13
13
12
14
14
14
14
14
14
13
14
14
15
14
14
14
14
14
13
16
14
14
13
15
13
14
14
14
14
13
14
13
14
13
13
13
14
13
13
13
14
13
13
13
13
13
12
12
13
13
13
11
8
14
12
12
7
14
12
12
12
13
12
13
13
14
13
13
13
14
13
13
12
15
14
13
14
14
14
13
14
10
15
14
13
9
15
13
14
13
14
14
13
13
15
13
13
13
15
13
13
14
14
14
13
14
12
13
13
13
8
14
12
13
13
13
14
12
13
13
13
13
12
13
13
13
11
14
13
13
12
12
13
12
12
12
15
12
13
13
13
13
14
14
14
14
13
14
14
13
13
13
14
14
14
14
15
13
14
14
15
14
13
14
13
14
13
13
9
