14
13
13
14
13
13
13
14
13
13
12
13
14
13
13
14
12
13
13
14
13
12
13
13
13
13
13
9
13
13
13
12
13
12
12
12
13
13
13
13
14
13
13
13
14
14
13
13
12
14
14
14
9
14
14
14
14
14
14
13
14
14
14
13
14
15
14
14
13
14
13
14
14
14
13
13
1314
9
12
12
14
13
13
14
13
13
13
13
13
12
13
13
13
13
13
14
13
13
12
14
13
13
13
13
13
13
13
11
14
13
14
7
15
14
14
13
14
14
14
14
14
14
14
13
15
13
15
14
15
14
13
14
13
15
14
13
14
14
13
14
14
10
13
14
14
15
15
14
14
13
15
13
14
14
15
14
13
14
13
15
13
13
9
15
13
13
13
13
14
13
12
13
13
13
13
14
13
13
12
14
13
12
13
13
13
12
13
12
13
13
13
7
14
13
14
14
13
13
13
13
