9
9
8
9
9
9
9
8
8
9
9
8
8
9
9
8
8
8
8
9
9
8
8
9
9
8
8
8
7
9
9
8
9
7
9
9
9
8
3
10
8
8
8
10
9
10
8
8
11
9
9
10
7
9
10
10
9
12
9
9
10
4
11
10
9
9
11
9
9
10
9
11
9
10
9
10
8
9
8
10
9
8
8
8
9
9
8
8
9
8
10
9
8
9
3
9
9
9
9
4
9
9
8
9
5
9
8
9
9
8
10
8
8
9
8
9
9
9
8
4
5
10
9
9
9
9
9
9
9
9
6
9
9
8
9
9
10
8
9
9
10
9
7
9
8
9
8
8
8
9
9
8
8
8
9
9
8
8
8
8
9
9
8
8
9
9
9
8
9
9
9
10
9
10
9
10
10
9
10
10
9
10
9
10
9
9
9
9
10
9
11
9
4
7
9
9
9
9
9
10
