0
0
0
1
1
0
0
1
1
1
1
0
1
0
0
0
1
0
0
0
0
0
1
0
0
2
0
0
0
1
2
1
0
0
0
2
0
0
0
1
1
0
0
0
0
1
0
0
0
0
1
0
0
0
0
1
0
0
0
0
1
0
0
0
0
1
0
0
0
0
0
0
0
0
0
0
0
0
0
0
1
0
0
0
0
1
0
0
0
0
0
0
1
0
0
1
0
0
0
0
1
0
0
1
0
1
1
0
0
0
0
0
0
1
1
0
0
0
0
0
0
0
3
1
0
0
0
0
0
0
0
0
0
0
0
0
0
0
0
0
0
0
1
0
0
0
0
1
0
0
0
0
3
0
1
0
0
1
0
0
1
0
2
0
0
1
1
0
1
0
0
55
50
52
53
53
53
53
54
53
55
54
53
54
54
53
54
53
55
53
53
53
55
54
54
53
53
54
52
54
