13
13
9
12
12
13
14
13
13
14
13
13
13
14
13
13
15
13
14
13
15
13
13
13
13
13
13
13
13
14
13
12
13
13
13
14
13
14
12
12
13
13
13
12
12
13
12
12
11
13
12
12
12
13
13
12
12
11
12
12
12
12
12
12
12
13
8
12
12
12
12
12
13
12
12
9
13
12
12
11
12
12
13
12
13
12
12
13
14
12
13
12
14
12
13
13
13
14
12
13
11
14
13
13
8
14
13
14
13
13
14
12
13
14
13
14
13
14
13
13
12
13
13
13

12
12
12
12

9
12
12
12
12
7
13
12
13
12
12
12
12
11
12
13
12
13
13
11
12
12
13
12
13
13
13
14
13
13
12
14
13
13
9
15
12
13
13
14
14
14
12
14
13
14
13
14
13
13
13
15
14
13
13
13
13
12
1312
12
12
12
14
9
12
12
12
12
13
13
