12
12
12
14
12
13
13
13
13
11
12
12
13
12
12
9
14
13
13
13
14
13
13
13
14
14
12
13
14
13
13
13
14
13
13
13
14
14
13
13
13
13
12
13
9
14
12
13
13
13
12
13
12
12
12
12
13
9
12
13
12
12
13
13
13
13
12
14
12
13
13
14
13
12
14
13
14
13
13
10
13
14
13
12
14
13
13
13
14
14
13
13
14
13
13
12
14
12
13
12
14
13
13
12
12
13
12
12
10
13
13
12
6
14
12
12
11
13
13
12
1
0
2
0
0
0
3
0
1
0
0
3
1
1
0
0
1
1
0
1
0
2
1
1
1
0
2
0
0
1
1
4
1
2
0
1
2
1
1
0
1
3
2
2
1
1
3
1
0
1
1
1
1
0
0
1
2
0
1
1
1
2
0
0
1
0
1
1
1
0
0
2
0
0
0
0
1
0
0
0
