0
0
0
0
0
0
1
0
0
0
0
0
4
1
0
0
0
0
1
1
0
0
1
0
0
0
0
2
1
1
1
0
1
1
1
0
0
2
1
0
0
2
2
1
1
1
1
2
1
1
1
0
2
2
1
0
0
1
1
0
0
81
78
80
82
81
82
81
82
81
83
82
81
80
82
81
80
81
80
81
81
81
76
82
81
80
81
81
80
81
81
81
80
80
81
81
81
80
81
82
81
81
81
82
81
82
81
82
81
81
81
79
82
82
81
77
82
82
81
82
82
81
82
81
81
82
81
78
72
76
77
76
78
72
77
78
77
77
78
77
78
78
78
78
77
78
78
78
77
78
79
78
78
77
79
78
77
77
78
78
77
78
75
78
78
77
72
77
77
77
77
78
77
77
77
77
78
76
77
77
77
77
76
77
77
77
76
77
76
77
77
75
68
73
74
74
74
75
73
74
