75
75
74
74
74
74
74
74
74
76
74
75
75
76
75
74
75
74
75
74
75
75
76
75
75
75
76
75
75
76
76
75
75
75
76
75
75
76
77
75
75
75
76
76
75
75
74
75
74
75
74
74
74
74

68
71
73
73
72
73
74
72
72
72
73
72
73
73
73
73
72
73
70
73
73
72
67
73
73
73
73
74
73
73
73
74
74
73
73
74
74
73
74
75
73
73
74
75
74
73
74
72
74
72
74
70
73
73
72
68
73
73
73
73
73
72
73
72
68
70
71
72
72
73
71
72
70
73
72
72
71
72
72
71
71
69
71
72
70
67
71
70
72
70
72
70
70
71
71
71
70
71
71
71
71
70
73
71
71
70
73
71
71
71
72
71
71
71
69
73
72
71
67
71
72
72
71
72
73
72
71
65
70
69
69
70
70
71
69
70
68
71
70
70
66
70
70
70
71
