25
25
25
25
25
25
25
25
10
3
7
9
9
8
9
8
9
9
8
8
8
10
7
8
8
8
9
7
7
8
9
9
8
7
8
9
10
9
9
9
7
10
9
8
9
10
9
10
8
9
10
10
9
9
9
9
10
10
8
11
9
10
9
4
10
9
9
9
9
10
9
10
8
9
10
9
9
4
9
10
8
8
8
9
9
9
8
7
8
9
8
8
9
10
8
8
8
9
9
8
8
8
8
8
7
8
8
9
9
9
8
9
10
8
9
9
8
9
9
9
9
4
11
9
9
8
6
10
9
10
9
11
9
10
9
5
11
9
9
10
10
9
10
9
9
11
9
9
9
9
9
9
9
10
10
9
10
9
8
9
8
8
9
3
10
8
8
9
6
9
8
8
9
9
10
7
9
8
10
7
7
8
8
8
8
8
7
8
10
8
8
9
8
10
8
8
8
9
9
9
