9
10
8
9
9
9
9
6
10
10
10
9
11
9
10
9
10
10
10
9
9
11
9
9
10
10
9
8
9
8
11
9
8
10
4
9
10
7
8
10
9
8
9
8
10
8
8
8
8
9
8
8
8
9
8
9
8
9
8
8
9
8
8
8
8
9
9
8
8
9
8
9
8
9
10
8
10
9
7
9
8
9
9
10
9
10
10
9
11
9
9
9
10
9
10
9
8
11
9
10
10
10
9
9
9
9
11
9
9
8
10
9
9
9
9
3
9
9
9
8
4
9
8
9
9
4
9
7
8
8
3
10
8
8
8
9
8
8
8
8
8
9
8
8
9
10
9
7
9
8
10
9
8
9
9
9
10
9
9
5
10
9
9
9
9
10
10
9
9
10
10
9
9
10
10
9
8
9
11
8
9
9
10
11
8
8
9
9
10
10
8
8
10
9
9
8
9
10
9
9
