9
6
10
8
8
8
9
9
9
9
9
8
8
9
7
8
9
9
8
8
8
9
8
8
8
9
5
9
9
9
9
10
8
9
9
9
10
9
9
10
5
10
10
9
10
10
9
10
9
5
11
9
9
10
9
10
9
9
9
10
10
10
8
10
9
9
9
9
10
9
9
8
10
9
10
7
8
9
9
9
9
8
9
9
8
9
9
9
9
8
9
8
8
9
8
9
8
9
9
8
8
9
8
9
8
8
9
9
9
10
8
8
11
8
9
9
9
11
9
9
9
7
10
9
9
9
10
9
9
9
9
11
9
9
9
10
11
8
9
9
10
9
10
8
10
9
9
9
9
9
10
9
9
9
6
9
8
8
9
4
9
8
8
8
9
9
8
9
8
6
8
8
8
8
9
9
9
9
8
8
8
9
7
8
10
7
8
8
8
10
9
8
9
9
9
9
10
9
5
10
