13
13
13
13
13
13
13
13
13
14
13
14
12
12
13
17
14
12
12
11
13
13
13
8
13
13
13
13
14
14
12
13
14
13
14
13
15
14
14
13
15
14
14
13
13
15
14
14
11
14
14
13
11
14
13
14
14
14
13
13
13
14
15
13
13
15
14
13
13
14
12
13
13
13
14
12
13
9
14
13
13
12
14
13
12
13
13
12
12
13
14
12
13
12
13
14
13
13
12
14
13
13
10
14
14
13
8
15
13
14
14
15
14
13
14
15
14
14
13
15
14
14
13
15
14
15
14
13
14
13
13
11
13
14
13
8
14
13
14
13
13
13
12
13
13
13
13
12
14
13
13
13
13
13
12
12
12
13
12
13
9
14
13
13
13
14
13
13
12
13
14
13
13
15
13
14
13
15
14
14
14
14
14
13
14
14
16
14
13
14
14
14
14
14
14
14
14
14
14
14
