13
15
14
13
14
14
14
14
13
15
13
14
14
13
14
13
13
12
13
13
12
7
14
12
13
12
13
13
12
13
13
13
13
12
14
12
13
13
13
13
12
13
12
13
13
13
8
14
13
14
13
15
14
13
14
14
14
14
13
15
14
14
15
15
14
14
14
13
14
14
13
10
14
15
13
7
14
13
14
13
14
14
13
14
15
13
14
13
14
12
13
13
13
13
13
13
12
13
13
12
9
14
12
13
13
13
13
12
13
13
14
13
12
14
13
13
13
14
14
13
14
14
14
13
13
12
14
14
13
8
15
13
14
14
15
14
14
14
14
14
13
14
15
14
14
13
14
13
13
14
13
14
13
13
10
13
13
12
8
14
12
13
13
13
13
12
13
12
13
13
13
13
12
12
12
14
13
13
13
14
13
12
14
10
13
14
12
10
13
13
14
14
15
13
14
13
14
14
14
14
