23
23
23
23
23
23
23
23
15
9
12
13
14
16
13
13
14
15
13
14
13
13
14
14
14
11
14
14
13
8
15
13
13
13
14
14
13
13
14
13
14
12
14
13
14
14
14
13
13
13
11
14
13
13
9
14
13
13
12
14
13
12
13
13
12
13
13
14
12
13
12
14
13
13
13
15
13
12
13
12
13
14
13
8
14
13
14
13
14
14
14
14
14
14
14
13
15
13
14
14
14
14
13
14
12
14
14
13
7
14
13
13
13
14
13
13
12
13
13
13
12
14
12
12
13
14
13
12
12
12
13
13
12
8
13
12
13
13
13
12
12
13
13
13
13
14
14
12
14
13
15
13
13
14
14
14
13
14
13
14
14
14
9
15
14
13
14
15
14
13
13
14
14
14
14
14
13
14
13
14
14
13
14
13
14
12
13
11
13
13
12
9
14
12
13
14
13
13
12
13
