11
14
14
13
13
14
13
14
14
14
13
13
13
14
13
12
13
14
13
13
12
14
12
13
13
13
13
13
13
13
14
12
12
9
14
13
13
12
13
13
13
13
13
13
14
13
14
13
14
13
15
13
14
13
14
14
13
14
11
14
15
13
8
15
13
14
14
14
13
13
15
14
14
14
13
14
13
13
14
9
12
13
12
13
14
12
13
13
14
13
13
13
14
14
13
13
11
14
14
13
8
15
14
14
13
15
14
13
14
14
13
14
13
15
13
14
14
14
14
13
14
10
14
13
13
6
14
12
13
13
14
13
13
13
14
12
13
13
13
12
13
13
10
12
12
13
13
8
13
13
14
13
14
13
13
14
14
13
13
13
14
13
14
13
15
13
14
15
15
14
13
14
13
14
13
14
10
14
14
14
9
14
13
14
13
14
13
13
14
14
14
14
13
15
13
14
12
15
13
13
