12
13
14
13
13
12
14
12
13
13
14
13
12
13
12
13
13
12
8
14
12
12
13
14
13
12
13
13
14
13
13
14
13
13
14
14
14
13
14
11
14
14
13
8
15
13
13
14
14
14
14
13
14
14
14
14
14
14
13
13
14
14
13
13
13
14
13
13
9
13
13
13
13
13
13
13
12
13
13
12
13
14
12
14
12
14
12
13
13
13
13
12
13
11
13
13
13
8
14
13
13
13
14
14
13
14
14
14
14
13
15
13
14
13
14
14
14
13
14
14
13
14
11
14
13
13
8
15
13
13
13
14
14
13
13
15
13
13
12
15
13
13
13
14
14
12
13
11
13
13
12
8
14
13
13
12
14
13
13
12
13
13
13
13
14
13
13
13
15
12
13
14
13
14
13
14
12
14
14
13
9
15
14
14
14
14
13
13
14
14
14
14
14
15
13
13
14
14
14
13
