23
23
23
23
23
23
23
23
12
6
9
11
11
10
10
11
11
10
10
13
9
10
10
9
10
10
10
9
10
10
10
9
11
9
10
9
9
10
10
10
10
10
11
11
10
11
11
11
11
12
11
12
12
11
12
12
11
7
13
12
12
12
12
12
11
12
11
11
12
12
13
12
11
12
13
11
11
12
11
11
10
11
8
10
10
11
11
12
10
11
11
11
10
9
10
11
10
9
10
7
10
10
10
9
10
10
9
9
9
11
11
9
9
12
11
11
10
12
11
12
11
11
12
12
11
12
12
11
12
9
13
12
12
12
12
12
12
11
12
12
11
12
13
11
11
11
13
11
11
11
11
11
10
10
9
10
11
10
10
11
10
10
10
10
11
9
9
10
10
9
9
10
10
10
9
10
10
9
10
10
8
10
10
11
11
12
10
10
11
12
11
11
12
11
11
12
12
12
12
12
