11
10
11
10
9
11
10
10
10
10
9
10
9
11
10
9
10
6
11
9
10
10
10
11
10
10
12
10
10
10
12
11
11
12
12
12
12
11
9
12
11
13
12
13
11
11
12
12
12
11
12
12
12
12
11
13
12
11
11
12
11
11
11
11
11
11
11
6
11
10
11
11
11
10
10
9
11
10
10
10
11
10
9
9
10
10
9
9
10
10
10
11
9
6
11
10
10
10
10
11
11
11
7
10
10
11
11
12
12
11
11
12
12
12
12
13
11
12
11
13
13
11
12
13
12
11
13
8
14
11
12
12
12
11
11
11
12
11
11
11
12
10
10
10
12
11
10
11
12
11
10
11
10
11
10
10
5
11
10
9
10
10
10
10
12
6
8
10
10
11
11
11
10
11
9
12
10
9
10
9
10
10
10
9
11
10
9
10
11
10
10
10
8
10
11
10
10
12
10
11
