22
22
22
22
22
22
22
22
16
9
13
15
15
11
15
16
14
15
14
15
15
14
15
14
15
14
15
14
13
14
16
14
14
13
15
14
14
14
13
15
14
13
12
14
14
13
9
15
14
14
13
15
14
14
14
15
14
14
14
16
14
15
13
17
14
15
15
15
16
14
15
12
15
15
15
10
15
15
15
15
15
15
15
15
15
15
14
15
15
14
15
14
16
14
14
14
14
15
14
14
12
15
15
14
8
15
14
14
13
14
14
14
14
14
14
14
13
15
14
14
14
15
15
14
14
13
15
14
13
11
15
15
14
13
15
14
15
15
15
15
15
16
16
16
15
15
17
14
16
15
16
14
15
16
15
15
15
15
12
15
15
15
10
14
15
13
14
14
14
14
13
15
14
13
15
14
14
14
13
15
14
14
13
15
15
13
14
15
14
14
14
13
14
14
14
9
15
14
14
15
