15
15
14
15
15
15
15
15
17
14
15
15
16
15
15
15
15
16
14
15
12
15
15
14
9
16
14
14
15
16
15
14
14
16
13
14
14
16
14
14
14
15
14
14
14
12
14
14
14
9
15
13
15
14
15
14
13
14
14
14
14
13
16
14
14
15
14
15
14
15
12
15
15
15
10
15
15
15
15
16
15
15
15
16
15
14
15
15
15
15
15
16
14
15
15
15
15
14
14
14
16
14
14
13
15
14
14
14
13
14
15
14
15
14
13
13
14
14
13
14
14
14
14
14
15
14
14
13
15
15
14
14
14
15
14
14
11
14
16
14
12
15
16
15
15
16
15
15
15
15
15
15
15
16
15
15
15
16
14
15
16
16
15
14
14
15
15
14
15
12
16
14
14
14
14
14
14
13
15
14
14
13
14
15
13
13
15
14
14
13
15
14
14
14
14
14
14
14
14
15
