14
14
13
16
14
14
15
15
15
15
14
16
15
14
15
15
15
15
14
20
15
15
15
16
15
14
15
14
15
15
15
11
16
15
14
12
15
14
14
14
15
14
14
14
14
15
14
14
15
13
14
13
14
15
13
13
14
15
14
14
10
14
14
13
13
14
14
14
14
15
14
14
13
15
15
14
15
16
15
14
14
16
15
15
15
15
15
15
16
14
16
15
15
10
15
15
15
14
15
15
15
14
15
15
14
14
15
14
14
15
15
14
14
14
15
14
14
14
14
14
13
14
12
14
14
14
9
15
13
14
14
14
14
13
14
14
14
14
14
16
14
15
14
15
15
14
15
14
16
14
15
11
16
15
14
12
15
15
15
15
15
15
14
15
16
15
13
15
16
14
15
14
16
14
14
15
15
15
14
14
14
15
14
14
10
14
15
13
13
14
13
14
14
15
14
13
14
14
15
13
