14
14
13
14
13
14
10
14
14
14
10
13
14
14
14
14
14
14
14
14
14
14
14
15
14
15
14
16
15
14
14
16
15
15
15
13
15
15
14
11
15
15
14
14
16
15
15
16
16
15
15
14
15
15
15
15
15
14
15
14
16
14
14
14
15
15
13
14
13
14
14
14
14
14
14
14
16
11
15
15
15
16
16
15
15
16
15
15
16
9
16
15
15
15
16
14
15
14
16
14
15
14
16
14
14
13
15
14
14
15
14
15
13
14
13
15
13
14
14
14
14
13
14
14
13
14
14
15
14
14
14
15
15
15
14
16
14
15
15
15
15
14
14
10
13
15
15
13
14
15
14
14
14
14
14
14
14
14
15
13
14
12
15
15
14
9
15
14
15
15
16
15
14
15
14
15
15
15
16
14
16
15
16
16
15
15
15
15
15
15
15
17
15
14
14
16
14
15
15
15
