14
15
14
14
13
15
14
14
14
15
15
14
14
12
15
15
15
11
15
15
15
15
15
16
15
16
15
15
15
15
17
15
15
14
16
14
15
15
15
15
14
15
14
16
14
15
14
14
14
14
14
15
13
14
13
15
14
13
14
14
14
13
14
15
14
14
13
14
14
14
14
14
14
13
14
13
15
15
14
14
15
14
15
15
15
14
14
14
16
15
14
15
15
15
16
14
16
15
16
15
16
15
14
15
14
16
14
15
11
14
15
15
14
15
14
15
14
15
15
14
14
15
14
13
14
15
14
14
13
15
13
14
14
14
15
13
14
12
14
14
14
9
15
14
14
14
15
14
13
15
15
15
15
15
16
15
15
14
16
15
15
15
15
15
15
15
11
15
15
15
12
15
15
16
15
16
14
15
14
15
15
14
15
16
14
15
14
15
14
14
14
14
15
13
14
13
15
14
14
13
