13
12
12
12
12
12
12
9
11
12
13
12
13
12
13
12
13
12
13
13
13
13
14
13
13
13
13
13
13
14
14
13
13
14
15
13
14
13
14
13
13
13
13
13
14
12
8
14
13
13
13
13
14
12
12
13
12
12
13
14
12
12
13
13
13
12
1211
12
12
12
13
11
13
14
13
13
14
13
13
12
14
13
12
12
13
13
12
13
12
13
12
12
9
13
12
13
12
13
12
12
12
13
13
12
12
13
12
12
12
14
12
13
12
13
13
12
13
12
13
13
13
8
14
13
13
13
14
13
14
13
13
13
13
12
10
13
12
12
13
10
13
12
13
12
14
12
13
12
13
14
13
13
15
13
13
13
15
13
12
13
14
13
13
13
14
13
13
13
13
14
13
13
12
14
13
12
9
14
12
13
12
13
13
12
12
13
13
13
12
13
12
12
12
12
12
12
12
11
13
13
