12
13
7
14
11
13
13
13
12
13
12
13
13
12
12
14
12
12
12
13
13
12
12
12
13
12
12
8
14
12
12
13
13
13
12
12
13
13
13
13
14
12
13
13
14
13
13
13
13
14
12
13
9
14
13
13
13
13
14
13
13
9
13
12
12
13
13
12
13
13
13
14
13
13
13
15
13
13
13
14
13
13
13
13
13
13
13
14
13
13
13
14
12
13
13
13
13
12
12
11
12
13
12
8
14
12
12
13
12
12
11
12
13
12
12
13
14
12
12
12
12
12
12
12
0
0
0
0
0
2
1
0
0
1
0
0
0
1
0
0
1
1
1
0
3
1
1
1
1
3
1
1
2
1
3
1
1
1
1
2
2
1
1
1
3
2
1
1
1
3
1
1
1
0
3
1
2
0
0
2
1
1
1
1
2
1
0
1
0
1
0
0
0
1
1
0
0
1
0
0
