3
1
1
1
1
3
1
0
0
1
0
1
1
1
0
3
0
0
0
0
2
1
0
0
0
2
1
0
0
0
2
0
0
1
0
1
0
0
0
0
1
0
0
0
0
1
0
0
0
1
1
0
0
0
1
2
1
1
0
1
1
1
1
1
83
77
81
82
78
81
82
82
76
81
81
80
82
81
81
81
82
81
81
81
80
81
82
81
80
82
80
81
80
82
82
80
80
81
81
80
81
78
81
81
80
76
81
82
81
81
82
81
81
81
83
82
80
82
83
82
81
82
83
81
82
82
81
81
82
82
78
73
76
78
78
74
77
78
78
72
77
77
78
78
78
78
77
78
79
78
77
78
78
78
78
78
79
77
78
78
78
78
77
78
75
78
78
78
73
78
77
77
77
77
77
77
77
79
76
77
76
78
77
77
76
78
77
77
76
79
76
77

76
78
77
77
76
71
74
