75
74
75
73
75
74
74
69
74
74
74
74
75
75
75
74
74
74
75
74
74
75
75
74
76
74
75
75
76
75
75
75
75
76
74
75
73
76
76
74
70
75
75
75
75
76
75
75
75
76
75
75
76
75
76
75
76
75
74
75
73
70
74
73
73
73
73
73
73
74
68
74
74
73
71
74
73
73
73
74
74
73
73
73
74
72
73
74
73
73
72
73
73
72
72
73
73
72
72
70
73
72
72
67
73
72
73
72
73
72
72
73
72
73
72
72
74
73
72
73
72
73
73
72
71
67
70
71
72
68
71
71
71
69
71
71
71
72
72
70
71
71
72
72
70
72
72
71
72
71
73
72
71
72
72
72
71
72
70
72
72
72
67
73
71
71
71
72
72
72
71
72
72
72
71
72
71
70
72
74
71
71
71
72
71
71

71
70
71
70

68
69
70
70
71
65
70
70
