14
9
12
13
14
13
15
14
13
12
14
13
13
13
14
13
13
13
12
14
13
13
13
13
13
13
13
13
14
13
13
14
14
13
13
14
13
14
14
15
13
13
13
16
14
14
14
14
15
13
14
14
15
13
15
13
15
14
14
14
15
13
14
14
15
13
13
14
14
14
14
13
14
13
13
13
15
12
13
13
12
14
12
13
10
13
13
13
7
14
12
13
13
13
13
12
13
14
13
14
12
14
13
14
13
14
14
14
13
14
15
13
15
13
14
14
14
14
15
14
14
14
15
14
14
14
14
15
14
14
15
14
14
13
14
14
14
14
13
14
14
13
12
13
14
13
14
14
12
13
14
14
13
13
13
13
13
13
12
14
13
13
12
14
14
13
13
13
14
13
13
11
14
14
14
7
15
13
14
14
14
14
14
14
14
14
15
14
16
14
14
13
15
14
15
14
13
14
14
13
