10
15
14
13
8
15
13
13
13
15
13
13
13
15
13
13
13
14
13
13
15
13
13
13
13
12
14
13
13
9
14
13
13
13
14
13
13
13
14
13
13
13
15
13
14
13
15
13
13
14
15
15
13
14
13
15
14
14
10
14
14
13
14
14
14
13
14
15
15
14
14
14
14
14
13
15
14
13
13
15
13
13
13
13
14
13
13
11
13
13
13
8
14
13
13
13
13
13
12
13
14
13
12
12
14
13
12
14
14
13
12
14
11
13
14
14
8
15
13
14
13
15
14
13
14
14
14
15
13
15
14
14
14
15
15
14
14
14
16
13
13
11
13
14
13
11
14
14
13
13
14
13
13
14
14
14
13
12
14
14
14
12
14
14
13
12
14
13
13
13
11
13
13
13
8
15
13
13
14
14
13
13
13
15
14
14
14
16
14
14
14
15
14
14
14
15
15
14
14
14
