15
13
14
12
14
14
15
13
14
14
14
14
16
14
14
14
14
14
14
13
15
13
14
12
14
14
13
12
12
14
12
13
11
14
13
12
8
14
12
13
13
13
13
14
13
13
13
15
13
15
13
14
13
15
14
13
15
13
14
14
14
10
14
14
14
9
15
14
14
13
15
14
13
14
16
13
13
13
15
15
13
13
13
15
14
14
7
14
12
13
14
14
12
13
14
14
13
12
12
14
14
13
12
13
13
13
13
13
13
12
13
8
14
14
13
13
14
12
13
13
14
14
14
13
15
14
14
13
15
14
14
15
14
14
14
14
11
15
15
13
9
15
13
14
14
15
14
14
13
15
14
14
13
15
13
14
12
14
14
13
14
12
13
13
13
10
14
13
13
8
14
13
14
13
13
14
13
13
14
13
13
13
14
13
13
13
14
13
13
14
13
14
15
14
9
15
14
14
14
15
