13
14
16
14
14
14
15
13
14
13
15
13
14
14
14
15
14
14
11
14
15
14
7
15
14
14
13
14
15
13
14
15
13
13
12
15
13
13
13
13
13
13
13
11
15
13
12
13
14
13
13
13
14
12
13
12
14
14
13
13
14
13
14
12
15
13
13
14
14
14
14
14
11
14
14
13
9
15
13
14
13
14
15
13
15
16
14
14
13
16
14
15
13
15
14
14
13
14
14
13
13
13
14
13
13
13
14
13
13
13
14
13
13
13
14
13
13
13
14
13
13
13
15
13
13
13
14
14
13
13
12
13
13
13
8
16
13
14
13
14
14
13
14
14
14
13
15
16
14
15
13
15
15
14
14
13
14
14
14
13
15
14
13
14
14
13
13
14
14
14
13
13
14
14
12
13
13
13
13
13
14
13
14
12
13
14
12
13
12
13
13
12
9
14
13
13
13
14
13
13
