13
13
13
13
13
14
8
12
13
14
12
13
13
13
12
13
14
12
13
13
13
13
12
13
10
13
13
13
7
15
13
13
13
14
13
13
14
14
13
14
13
14
13
14
14
15
15
13
14
13
14
14
14
10
14
14
13
11
15
13
13
14
14
13
13
13
14
14
14
14
8
12
13
12
13
13
13
13
13
13
13
13
13
12
15
13
14
13
14
14
13
14
13
14
14
13
10
14
14
13
13
15
14
14
14
16
13
14
14
14
14
13
14
15
14
13
13
15
14
13
14
13
14
13
13
12
13
13
14
13
13
13
13
14
12
15
14
14
14
12
15
14
13
9
14
13
14
14
14
15
13
13
14
14
13
14
14
13
13
13
14
13
14
13
13
14
12
13
13
14
12
14
9
14
13
13
13
13
13
12
13
13
13
14
13
14
14
13
13
14
13
13
13
14
14
13
13
7
13
13
