13
13
12
14
13
12
13
14
12
13
13
14
13
13
13
13
14
13
14
8
15
13
14
14
15
13
14
14
14
14
14
14
15
14
15
13
15
13
14
14
13
14
14
13
11
14
15
12
8
15
13
13
13
15
14
12
12
13
13
13
15
9
12
14
14
13
13
14
13
13
13
14
13
14
13
14
13
13
14
12
12
13
13
9
15
13
13
13
14
13
13
13
13
13
13
12
14
13
12
12
14
12
13
14
13
13
13
13
12
15
14
13
9
14
14
14
14
14
14
13
14
14
15
13
2
0
0
0
0
0
0
0
0
0
1
0
1
1
0
2
1
0
0
1
1
0
1
0
1
2
0
0
0
1
1
0
1
0
1
2
1
0
1
1
2
2
1
0
1
2
2
1
1
1
1
1
2
1
1
1
0
0
1
1
1
0
0
0
1
1
0
0
0
0
2
0
0
1
0
0
