92
92
91
94
92
92
92
92
93
91
93
88
92
92
92
86
92
91
92
91
93
92
91
92
91
92
91
91
93
91
92
90
92
91
91
91
91
91
90
91
90
92
91
91
90
91
91
91
92
91
91
91
91
91
91
91
90
86
89
88
89
88
89
88
89
88
88
89
88
88
85
88
89
88
87
90
88
89
89
90
90
89
89
89
89
88
89
91
89
89
89
91
90
89
90
90
90
89
90
87
90
90
89
85
90
89
89
89
90
90
90
89
90
89
90
89
89
89
89
88
83
88
87
87
88
87
89
88
88
87
90
87
87
88
88
87
89
88
88
87
87
87
89
88
87
86
87
87
87
87
87
88
86
86
86
88
86
87
84
88
87
87
87
86
87
87
86
87
87
86
88
87
87
87
87
89
87
87
87
88
87
87
85
83
85
87
87
86
85
86
87
86
86
86
86
86
86
86
88
86
