1
2
1
1
1
1
2
1
1
2
1
1
0
1
0
1
2
1
2
0
0
1
0
1
1
0
1
0
0
0
1
1
0
1
0
0
2
0
0
0
0
1
1
0
0
0
2
0
0
0
0
1
0
0
0
0
1
1
0
0
0
0
0
0
0
100
95
99
99
100
99
99
100
99
99
99
99
101
99
99
99
101
100
99
100
100
99
100
93
100
99
99
95
100
98
98
96
99
99
98
98
99
98
98
99
99
99
99
98
99
99
97
98
100
98
98
98
100
98
98
98
100
98
99
98
98
99
99
94
93
94
95
95
95
94
95
95
94
95
95
95
95
95
96
95
95
95
95
95
95
95
95
95
94
95
90
94
94
94
92
95
94
94
94
95
94
94
94
94
94
93
94
95
93
94
93
95
93
93
94
94
94
93
93
92
94
94
94
93
93
94
94

90
91
91
93
92
92
93
