25
25
25
25
25
25
25
25
11
4
7
8
8
8
10
8
9
9
8
9
8
8
8
9
9
8
8
8
9
9
8
8
8
8
9
8
8
8
8
8
8
8
8
8
9
9
8
8
9
9
9
9
9
9
10
10
8
8
10
10
9
9
9
10
10
10
9
11
9
9
10
9
10
10
9
9
9
10
10
9
9
11
9
9
9
9
10
9
10
8
9
9
9
9
9
8
9
9
9
8
9
9
8
8
9
9
9
8
9
9
9
9
8
9
9
9
9
8
8
8
8
9
8
8
8
10
8
9
9
9
10
9
9
10
9
10
9
10
8
10
9
9
10
8
10
10
9
9
11
9
10
9
4
10
9
9
9
10
10
9
9
9
10
10
9
9
9
9
9
9
9
5
9
9
8
8
9
9
9
8
8
8
9
8
8
8
10
8
8
8
8
10
8
8
8
8
9
9
8
8
