9
10
10
8
9
10
9
9
8
9
10
8
8
8
9
9
9
8
8
9
9
9
8
9
8
9
9
8
8
7
9
9
8
8
3
9
8
8
8
4
9
9
9
9
5
10
8
9
9
9
9
9
9
9
9
9
10
9
8
11
9
9
9
10
10
9
9
9
10
10
9
9
9
10
9
10
9
6
11
9
9
9
14
9
9
9
8
10
9
9
8
9
10
9
9
9
5
9
9
9
9
6
9
9
8
8
8
8
8
8
8
6
8
9
8
8
9
9
8
9
9
9
9
9
9
9
10
8
9
9
8
10
9
9
9
7
10
9
10
9
10
9
9
9
10
10
10
9
9
9
10
9
10
8
11
10
10
9
11
10
9
9
9
10
9
9
9
7
10
9
9
9
7
9
8
8
8
5
9
8
8
8
8
9
8
8
8
6
9
8
8
8
10
8
8
8
7
9
9
9
