12
12
13
11
12
12
12
12
11
13
12
12
12
13
12
12
11
12
12
12
11
10
13
11
11
11
11
11
12
11
8
11
11
11
11
13
12
11
13
13
12
12
12
13
12
12
11
13
12
11
12
11
12
12
11
7
12
11
11
11
11
11
10
10
12
10
10
10
12
10
10
10
12
10
10
10
10
11
9
9
10
10
10
9
11
10
9
10
10
9
11
10
10
12
7
10
11
10
11
11
11
11
11
12
12
11
11
12
14
11
12
12
13
13
12
12
11
12
12
11
11
13
11
11
12
13
11
12
12
12
11
11
10
12
11
10
10
12
10
10
9
10
11
10
10
7
11
9
10
11
11
10
10
9
10
9
10
9
13
6
10
11
12
10
12
11
10
10
12
10
10
10
12
10
10
9
10
10
10
10
6
10
10
10
10
11
10
9
9
11
10
9
10
4
11
10
10
10
11
11
