70
65
70
69
70
69
70
70
69
69
69
69
69
69
68
68
69
68
62
65
67
66
68
67
66
66
66
67
66
66
66
66
66
65
66
64
66
66
65
61
67
66
65
66
67
66
68
67
68
68
67
68
68
68
68
68
70
67
68
69
69
68
68
68
69
68
67
68
65
68
68
68
63
68
67
68
68
68
67
67
66
63
65
67
66
66
68
66
66
67
67
67
65
67
65
66
67
65
62
65
66
65
65
67
64
65
65
66
65
65
64
64
65
64
65
66
64
65
64
65
65
64
65
64
65
64
64
64
65
63
65
60
65
65
65
65
66
65
65
66
65
66
65
64
59
62
63
62
63
64
64
63
63
64
65
63
63
63
64
63
64
61
65
65
64
59
65
64
66
65
65
65
65
65
66
65
64
65
66
65
65
63
66
66
65
65
64
65
64
64
64
65
64
64
64
64
64
64
64
63
