1
0
0
0
0
0
0
0
0
0
0
0
0
0

0
0
0
0
0
0
0
0
0
0
0
0
0
0
0
0
0
0
0
0
0
0
0
1
1
1
1
3
1
1
1
1
3
1
1
2
2
3
1
2
2
1
2
2
2
1
1
2
2
2
2
1
2
2
1
2
1
2
1
0
1
0
2
1
0
0
0
1
0
0
0
0
0
0
0
0

71
73
75
74
74
76
74
74
74
76
73
74
74
74
74
74
74
72
74
73
74
68
74
74
73
74
73
72
73
73
73
73
72
72
73
73
73
72
73
72
72
71
73
73
72
72
73
72
71
72
70
72
73
72
67
74
72
72
74
73
73
74
68
66
68
68
68
67
69
68
68
68
66
69
69
69
69
69
69
69
68
69
70
70
70
71
69
70
70
70
71
70
70
71
72
71
70
72
70
71
70
71
70
69
70
69
71
70
