14
13
13
15
10
10
14
14
14
11
15
14
14
14
15
14
14
14
14
14
14
13
15
14
14
13
15
14
13
13
13
14
13
13
13
14
13
13
13
13
13
13
13
14
12
13
13
14
14
13
13
14
14
14
13
15
14
13
13
15
13
14

14
14
14
14
14
8
12
13
12
14
14
13
13
13
15
14
12
14
13
14
13
14
10
14
14
14
8
15
14
14
15
14
15
14
14
15
14
14
14
15
13
14
14
15
14
13
15
13
14
14
14
9
14
13
13
14
14
13
13
14
14
14
12
13
13
13
13
14
9
10
13
14
13
14
14
13
13
13
14
14
12
14
14
13
13
13
14
13
13
13
14
13
12
13
11
13
13
13
8
14
13
13
13
14
13
13
13
14
14
14
13
15
14
14
14
15
14
14
14
12
14
14
14
8
15
14
14
14
14
14
14
14
10
14
14
14
14
