10
14
15
14
9
15
14
14
14
15
14
14
14
14
14
14
14
16
13
14
13
15
13
14
14
14
14
13
14
11
14
14
13
8
14
13
13
13
14
13
13
13
13
13
13
12
14
13
13
12
14
13
13

13
13
13
13
13
8
12
13
13
12
14
14
12
13
13
13
12
13
12
14
13
13
13
14
13
14
13
14
13
14
14
15
14
14
14
14
14
14
14
16
13
15
14
14
15
13
15
13
14
15
13
10
15
14
14
13
15
13
14
14
14
14
14
14
13
13
13
0
0
0
0
1
1
0
1
1
1
0
0
1
1
0
1
0
1
0
0
0
0
0
0
0
0
0
1
0
0
0
0
0
0
1
0
4
1
1
0
1
4
0
0
2
1
3
3
1
1
1
2
2
2
2
1
2
2
2
1
2
2
2
1
2
1
3
1
2
1
1
1
0
1
1
1
0
0
1
