0
0
0
0
0
0
0
0
0
1
0
2
0
0
1
0
0
1
0
1
0
0
0
0
0
0
0
1
0
0
0
1
0
0
0
0
0
0
5
1
0
1
1
2
1
1
0
0
1
1
0
1
1
1
0
1
1
102
98
99
102
101
100
102
93
100
102
100
102
101
100
101
102
101
100
100
100
101
100
101
101
100
94
101
101
100
101
101
100
100
100
100
99
97
101
100
100
101
101
99
100
102
100
99
93
100
100
100
100
100
100
100
99
100
97
91
93
95
96
95
90
96
95
95
95
97
95
95
96
96
95
96
96
96
95
96
95
97
96
96
96
96
97
96
97
96
96
96
96
94
96
96
96
94
97
96
96
96
97
95
96
96
97
96
96
96
96
96
97
95
97
95
96

95
96
95
95
94
89
92
93
93
93
94
93
93
93
93
93
92
93
93
93
93
92
93
92
92
92
