93
93
91
92
90
93
94
91
87
92
93
91
90
94
91
92
92
93
93
92
92
93
93
93
93
94
93
93
93
93
93
93
93
93
94
93
9393
93
93
93
90
85
89
91
89
92
91
91
90
90
92
91
91
91
91
92
91
91
89
91
91
91
85
91
91
91
91
92
90
91
90
92
91
90
91
90
91
91
91
91
90
90
90
91
91
90
90
88
90
91
89
84
90
90
89
90
90
89
90
90
90
90
90
89
84
89
88
88
88
88
88
88
89
83
88
88
87
83
87
88
89
88
89
88
88
89
89
89
88
89
89
88
88
89
90
88
89
89
89
89
89
89
88
90
88
89
87
89
89
89
84
90
89
89
89
90
89
89
89
90
89
89
88
88
88
88
89
83
85
86
86
87
82
87
86
86
84
86
86
87
87
87
87
87
87
87
87
87
88
88
88
87
87
89
87
87
89
88
88
88
