7
13
12
12
13
13
13
12
13
13
12
13
12
14
13
13
12
14
13
12
13
12
13
12
13
13
13
12
12
12
13
13
12
12
13
12
12
11
13
12
11
12
13
12
12
12
13
11
11
12
12
12
12
12
10
12
11
12
6
13
11
12
13
13
12
12
12
12
12
12
12
14
12
13
12
14
13
12
13
13
13
12
14
12
14
13
13
13
13
12
13
13
14
12
13
12
13
12
12
12
12
13
13
12
14
12
12
11
14
12
11
12
12
13
11
12
11
13
11
12
12
12
11
12
12
13
11
11
11
13
12
12
11
13
12
13
12
8
13
12
13
7
13
12
12
11
14
12
12
12
13
13
13
13
14
12
13
12
13
13
13
13
12
13
12
13
9
13
13
13
12
13
12
13
12
12
12
11
12
13
12
12
11
13
11
12
11
12
12
11
11
11
12
12
12
7
12
11
11
12
