12
13
13
13
13
12
12
13
12
12
12
14
9
11
12
12
11
13
11
12
13
13
13
12
13
11
13
13
12
7
14
12
13
13
14
13
13
13
14
13
13
13
15
13
13
13
14
13
13
13
12
14
12
12
10
13
12
12
7
14
12
13
12
13
12
12
12
13
12
12
12
12
12
12
14
9
13
13
13
12
12
13
13
12
12
13
13
12
11
14
12
12
13
13
12
11
13
12
12
12
11
8
13
13
12
12
13
12
11
12
12
11
12
12
13
12
13
12
13
13
12
13
14
14
12
13
10
12
13
12
7
14
13
13
13
13
13
13
13
7
9
12
12
12
13
13
12
13
13
14
13
12
13
12
13
13
12
14
13
13
14
15
14
12
13
12
13
13
13
9
14
13
13
13
13
13
13
12
13
12
13
12
13
13
12
12
14
12
12
13
13
12
12
12
11
12
12
12
12
12
