76
76
77
77
77
76
77
77
77
76
77
77
76
76
76
76
75
76
72
77
76
75
74
77
77
76
75
77
75
75
76
76
76
76
76
76
76
76
76
78
76
76
76
77
78
76
77
75
77
76
76
73
78
77
77
76
77
76
77
74
71
74
74
74
74
76
76
74
75
76
74
75
74
76
76
74
75
75
75
75
75
73
75
74
75
70
74
75
75
74
75
74
74
75
74
75
74
74
75
74
74
75
75
73
74
73
75
74
73
73
74
75
73
73
70
75
74
74
73
74
74
74

70
72
73
73
74
73
74
74
72
74
75
73
74
72
74
74
74
74
73
74
73
73
72
75
72
72
73
74
73
73
74
74
73
72
73
73
73
72
73
74
73
73
73
73
72
72
73
72
73
72
73
71
73
72
73
72
73
72
73
72
72
73
72
71
66
70
71
71
71
72
71
72
70
72
70
71
72
