0
0
0
0
0
0
0
1
0
0
0
0
0
0
0
0
0
1
0
1
0
0
0
0
0
1
0
1
0
0
0
0
1
1
0
1
0
1
1
1
0
3
2
1
1
2
2
1
2
2
0
1
1
1
1
0
2
2
2
0
0
3
1
0
0
1
1
0
0
1

81
83
83
84
83
85
84
84
84
85
84
84
83
85
84
84
83
85
84
84
85
83
84
83
84
79
83
84
83
81
83
82
83
83
84
83
82
82
83
83
83
83
84
82
82
82
84
82
83
82
83
84
82
83
82
83
83
82
83
83
83
83
79
74
78
78
78
79
79
79
79
78
78
78
79
79
80
78
79
79
79
79
79
78
79
80
79
79
78
80
80
79
79
81
79
79
80
80
80
79
80
80
80
80
79
80
80
79
79
80
80
79
79
78
80
79
79
75
79
79
79
78
79
80
78
77
72
76
78
