10
11
10
9
10
4
11
9
8
9
10
10
9
9
9
10
9
9
9
8
11
9
9
9
9
10
9
9
9
10
9
9
8
9
10
9
9
10
7
9
10
9
9
11
11
10
10
10
10
9
10
11
10
10
11
11
10
10
11
10
10
10
10
9
12
11
10
10
9
10
9
11
10
11
10
9
10
10
9
10
9
4
11
9
9
9
9
9
9
10
10
10
9
9
9
10
10
8
9
9
11
9
9
10
8
10
9
9
10
8
9
9
9
9
9
11
9
9
10
11
10
10
10
11
9
10
10
9
10
10
11
11
10
9
10
10
11
10
10
9
11
10
10
10
7
10
10
10
9
11
9
10
9
10
10
8
9
9
10
10
9
10
9
10
8
10
8
10
9
9
9
5
10
8
9
8
9
9
9
9
9
9
9
9
9
9
10
9
9
9
10
11
10
9
10
10
10
9
1010
6
