13
8
11
12
12
13
12
13
12
12
7
13
11
12
11
13
12
12
11
12
11
11
11
12
11
11
11
12
11
11
11
11
11
10
11
9
12
12
11
12
13
11
12
11
12
12
12
12
13
12
13
13
14
12
13
13
14
13
13
13
12
13
13
13

9
9
13
12
12
12
13
12
11
12
12
12
13
11
13
12
12
12
13
12
11
12
10
12
11
11
7
13
11
11
11
12
11
11
11
12
11
12
11
6
13
11
12
6
12
11
12
12
13
12
12
12
13
13
13
13
13
12
13
13
14
13
12
2
0
2
1
1
1
1
2
1
1
1
1
1
1
1
1
1
1
0
1
1
0
1
0
0
0
0
1
1
0
0
0
1
1
0
0
0
0
0
0
0
0
0
0
0
0
0
2
0
0
1
0
0
0
0
0
3
1
1
1
0
3
2
1
1
1
2
1
2
1
1
1
