71
71
70
71
67
71
71
71
66
71
72
71
70
72
71
70
71
72
71
70
70
71
70
70
71
72
70
70
69
70
70
70
70
70
70
69
70
67
70
70
69
64
69
69
68
70
70
68
69
69
71
69
68
70
69
69
69

63
67
68
68
70
68
69
70
69
69
69
69
69
69
67
70
70
69
65
69
69
68
69
70
69
69
69
70
69
69
69
69
69
69
68
70
68
68
68
69
68
68
68
69
69
68
68
65
68
68
67
62
67
68
68
67
68
68
67
66
67
67
67
68
62
64
66
67
66
67
68
66
66
66
67
66
66
63
66
67
65
64
67
66
67
66
67
66
66
66
67
67
67
67
67
67
67
67
68
68
67
67
68
68
67
67
67
69
68
67
64
68
67
67
66
69
67
68
67
68
68
68
68
68
68
67
66
62
65
66
66
66
67
67
67
67
66
67
66
67
63
67
