1
0
1
2
1
1
3
2
2
2
1
3
2
1
1
2
3
2
1
1
1
2
1
2
1
0
2
1
1
0
0
3
1
1
0
0
3
0
0
0
0
4
0
0
0
0
3
0
0
0
0
4
0
0
0
0
2
0
0
0
0
0
0
0
0
76
73
74
76
77
77
76
76
77
78
77
77
77
78
78
78
78
77
77
76
78
74
76
77
77
72
77
77
76
77
77
76
77
76
77
76
76
77
76
76
76
76
77
75
76
76
77
76
76
75
75
75
75
75
71
75
76
75
73
76
75
75
75
75
76
75
73
68
72
72
72
71
73
72
72
72
72
72
71
72
69
71
72
72
65
71
71
72
72
72
71
71
71
73
72
71
72
72
73
72
72
73
72
74
73
73
74
72
73
72
73
73
73
69
74
74
72
68
73
74
74
73
73
73
73
73
73
73
72
70
66
71
70
70
71
