14
13
13
13
7
13
12
13
12
13
13
13
13
8
14
13
13
13
15
14
13
14
15
14
14
14
15
14
14
13
15
15
14
13
13
14
14
14
10
14
14
12
14
15
13
14
14
14
14
13
13
13
14
12
13
14
13
14
12
14
13
12
13
12
13
13
1315
8
11
13
12
13
9
15
13
13
14
14
14
13
14
14
14
14
13
15
14
15
13
14
14
14
14
14
15
13
14
10
14
14
13
10
14
14
14
15
14
13
13
13
14
13
13
13
14
14
14
12
14
12
13
13
13
13
13
13
13
13
12
13
14
9
13
13
12
14
14
13
14
12
14
12
13
13
14
13
13
13
11
13
13
12
9
14
12
13
13
13
13
13
12
13
14
13
14
14
13
14
13
14
13
13
13
14
14
13
13
12
14
14
14
8
15
14
14
14
15
14
14
13
14
13
14
13
10
12
14
13
14
8
