15
13
14
14
15
14
14
14
15
14
14
14
14
13
14
14
14
14
13
14
12
13
13
13
8
14
13
13
12
13
13
12
13
13
13
13
13
14
13
12
13
13
13
12
13
11
13
13
13
9
13
12
13
12
14
13
13
13
9
12
12
12
12
8
14
13
13
13
14
13
13
13
13
13
13
12
14
14
13
13
15
13
13
14
14
14
13
14
11
14
14
13
9
15
13
14
15
14
13
13
14
14
13
15
13
15
13
14
13
15
14
13
14
13
13
14
13
13
13
12
13

0
0
2
1
1
1
0
1
0
2
0
0
2
1
2
1
0
0
0
0
0
0
0
0
0
0
0
1
0
1
0
0
1
0
0
1
4
1
1
0
0
0
0
0
0
1
3
0
1
0
0
1
1
0
1
0
2
0
0
0
0
3
2
0
1
1
2
0
0
1
1
1
1
1
0
0
0
0
