89
92
90
90
91
90
90
89
90
89
90
91
90
85
90
91
89
89
91
90
91
91
91
91
90
90
91
91
90
90
92
90
90
90
92
90
91
91
91
92
91
92
91
91
91
91
91
90
91
91
89
80
88
89
88
88
85
89
89
88
86
89
90
89
89
90
88
90
89
89
90
88
89
89
88
89
87
90
88
89
88
88
89
88
88
87
90
88
88
87
89
87
88
87
89
87
88
88
88
88
88
88
88
87
88
87
89
89
87
88
88
88
88
88
84
85
87
86
86
86
87
85
86
81
86
85
86
82
87
86
85
86
87
87
86
86
87
88
86
86
88
87
88
86
88
87
88
87
87
89
86
87
84
88
87
86
82
87
87
86
87
87
87
87
86
88
87
86
88
87
87
86
87
86
87
86
87
84
85
85
86
84
85
85
85
85
83
85
86
85
80
85
85
84
84
86
84
84
85
85
