2
1
2
2
0
0
3
1
1
2
2
1
2
1
0
2
0
0
1
1
3
1
1
1
0
1
0
0
0
0
3
0
1
0
0
1
0
0
0
0
1
0
0
0
0
0
0
0
0
0
1
0
0
0
0
0
0
0
0
100
94
99
98
98
99
98
99
100
99
98
99
100
98
98
99
99
100
98
99
99
98
100
98
99
99
98
98
99
97
98
98
99
99
97
98
96
99
99
97
93
98
97
97
96
99
97
98
98
100
98
98
97
99
98
98
98
99
99
98
98
98
98
99
94
89
89
93
93
93
93
94
93
94
94
94
93
93
94
94
94
94
95
95
94
94
93
95
94
94
94
95
95
94
94
92
94
95
94
89
94
94
93
94
95
94
94
94
95
94
93
95
94
94
94
93
94
93
93
93
95
93
93
94
93
93
94
93
87
89
91
90
91
90
92
91
90
90
91
90
90
