12
12
12
13
11
11
12
13
11
12
10
12
12
10
11
11
11
11
11
11
12
10
10
7
12
10
10
11
11
9
10
10
12
9
10
10
10
10
10
10
10
10
10
11
10
11
10
11
12
12
12
11
12
13
12
12
11
13
13
12
12
14
12
11
12
12
12
12
11
8
13
12
12
12
12
12
11
11
13
11
11
11
12
10
11
10
12
11
10
10
10
10
11
11
5
11
11
10
9
11
10
10
9
10
10
10
9
4
11
10
11
10
11
11
10
11
12
11
12
12
12
11
12
12
13
12
12
13
12
13
12
12
8
13
12
12
12
13
12
12
12
13
12
11
12
12
12
12
11
12
12
11
11
11
11
10
11
11
11
9
10
10
11
11
10
10
11
10
10
10
9
10
10
10
9
9
11
10
10
12
10
10
10
11
11
10
11
13
12
12
12
13
12
11
12
12
13
11
13
12
