14
12
13
11
12
12
11
12
13
12
13
12
13
12
11
12
15
12
12
11
13
11
11
11
12
11
10
11
11
11
10
10
7
11
10
10
10
11
10
9
10
11
10
10
9
9
10
11
11
10
11
10
10
10
12
11
10
11
12
12
11
11
13
12
12
11
13
12
12
13
11
12
12
12
8
13
12
12
12
13
12
12
12
13
11
11
11
13
11
11
10
12
11
10
10
11
11
9
10
5
12
10
11
10
11
10
10
11
10
10
9
10
12
10
9
10
4
11
9
10
11
11
11
11
11
12
11
13
11
12
12
12
13
10
12
11
12
8
13
12
13
13
12
12
13
12
12
12
12
12
13
12
12
11
12
12
12
11
11
12
11
11
8
11
11
11
10
11
10
11
10
10
10
10
9
12
11
10
10
10
10
10
10
10
11
9
9
11
11
11
10
10
11
10
11
10
13
11
12
12
