9
10
9
12
10
9
11
4
11
11
10
11
11
11
10
10
12
12
11
11
12
11
12
11
13
11
12
13
12
13
12
12
11
12
12
12
7
13
11
13
11
13
12
12
12
11
11
11
11
13
11
11
10
12
11
10
11
11
11
10
11
10
10
10
10
10
10
10
10
10
11
9
10
10
11
10
10
10
12
10
11
11
11
11
10
11
12
12
12
12
12
12
12
12

9
11
12
11
12
12
12
13
11
11
13
12
11
12
13
11
11
11
11
12
10
11
10
11
10
10
7
11
11
10
10
11
11
10
9
12
10
9
10
8
10
10
10
10
11
10
10
10
12
11
10
11
12
11
12
12
13
12
12
12
13
12
13
11
8
11
12
11
11
11
12
11
12
11
7
11
11
11
10
11
11
10
11
11
10
9
10
11
10
9
11
8
10
10
10
10
10
9
10
10
11
11
10
10
6
