11
8
11
11
11
11
11
11
11
12
13
12
11
11
13
12
12
12
13
12
12
12
12
13
11
12
9
12
12
12
12
12
11
12
11
12
11
11
12
11
11
11
10
12
10
10
11
12
11
11
10
9
10
10
10
10
11
10
10
9
11
10
11
9
10
10
10
11
8
11
10
11
10
11
10
11
11
11
12
12
12
12
11
12
11
13
12
13
13
13
12
12
12
11
12
11
12
9
13
12
13
12
13
12
11
12
12
12
10
11
13
10
11
11
12
11
11
11
11
10
10
10
7
10
10
10
10
11
9
9
10
10
10
9
10
4
11
9
10
10
10
11
10
11
12
11
12
12
13
11
11
12
13
12
11
13
9
12
13
13
12
13
12
13
12
13
12
12
12
13
12
11
11
14
11
11
11
12
12
11
11
8
11
11
11
11
11
9
11
11
12
10
11
9
10
10
10
10
5
11
