12
12
12
13
11
12
11
12
12
13
12
11
11
14
12
13
12
12
13
12
12
11
12
11
11
12
11
11
11
12
12
10
11
11
12
10
11
9
12
10
10
10
11
9
9
9
6
11
9
10
10
9
10
10
10
10
10
10
10
10
11
9
11
10
11
11
10
12
12
12
11
12
12
12
13
12
13
12
13
11
13
12
12
12
12
13
11
11
10
13
12
12
6
13
11
11
11
12
11
11
11
12
10
11
11
12
10
10
10
11
11
10
11
10
10
9
9
11
11
10
10
10
10
10
10
10
11
10
10
10
12
10
11
11
11
11
11
12
9
12
12
13
11
12
12
12
11
13
13
12
12
13
13
12
12
13
12
11
12
13
13
11
12
12
12
11
11
7
12
11
11
11
12
11
10
10
12
10
10
10
13
10
10
9
10
10
10
10
6
11
10
10
9
10
10
10
10
12
9
10
