10
4
8
9
9
9
10
9
9
9
8
10
9
8
9
9
11
10
8
9
10
9
10
9
8
11
10
10
10
10
11
10
9
5
10
11
11
11
11
10
10
10
11
11
9
10
11
10
10
10
11
11
9
10
5
11
10
10
9
11
9
9
10
9
10
9
10
8
11
9
9
10
6
10
9
8
9
9
10
9
9
9
10
9
9
9
9
10
8
9
9
10
10
8
9
9
10
10
9
10
10
11
10
11
10
10
10
11
9
11
11
10
10
11
11
10
10
10
10
10
10
9
11
10
10
9
11
10
9
10
10
9
9
10
9
11
9
10
8
10
10
9
9
8
11
9
9
9
4
10
9
9
9
10
9
9
9
9
11
8
8
9
9
10
9
10
9
7
10
9
9
9
11
11
9
10
5
11
10
11
10
10
11
10
10
11
10
11
10
11
10
10
11
10
11
10
10
9
11
10
