10
10
11
8
9
10
11
10
10
9
5
11
9
10
10
10
9
10
9
4
9
9
9
8
9
10
9
9
10
10
9
10
9
9
9
9
8
9
6
9
9
9
9
10
10
9
9
10
11
11
10
9
12
10
10
10
11
10
10
11
10
11
10
10
7
11
11
10
10
11
10
10
10
11
10
10
10
11
10
10
9
9
10
9
10
10
9
10
10
10
10
8
9
9
10
10
7
9
9
10
9
9
10
8
9
10
8
9
9
9
10
8
9
9
10
10
9
9
11
10
10
9
10
10
9
9
9
12
9
10
10
11
11
11
10
6
10
10
11
11
11
10
10
9
11
10
10
10
11
9
9
10
9
11
10
9
9
11
9
9
10
9
10
9
9
10
9
10
9
9
9
10
9
10
9
9
10
10
8
9
10
9
8
9
9
10
9
9
9
9
11
9
10
9
8
9
9
10
9
12
