10
10
10
11
10
9
10
10
10
10
10
11
10
9
10
10
11
11
10
10
12
11
10
10
11
10
9
9
10
10
11
10
9
11
10
9
9
4
10
9
8
9
13
11
9
9
8
11
9
10
9
7
9
9
9
8
6
8
9
8
9
10
10
9
10
9
11
9
9
10
10
9
10
10
8
11
11
9
10
10
11
11
10
11
10
10
9
10
11
10
10
5
11
10
10
10
11
10
10
9
11
9
10
10
8
10
10
9
10
11
10
8
9
9
9
9
9
9
10
9
9
10
9
9
9
8
9
9
9
9
8
8
9
9
9
8
9
9
9
10
9
9
9
10
10
9
10
10
10
10
10
11
11
10
10
10
10
10
10
9
12
10
10
9
11
10
10
10
11
10
11
9
6
11
10
10
10
11
9
9
10
11
9
9
10
9
10
10
9
9
10
11
9
9
9
10
9
9
10
8
