14
15
14
14
14
14
15
9
11
13
14
13
13
14
14
14
14
15
14
13
14
14
15
14
14
16
14
15
15
16
15
15
15
15
16
14
15
11
15
16
15
13
15
15
16
15
16
15
15
15
15
15
15
14
16
14
15
15
15
14
15
14
15
14
15
14
14
15
14
14
16
11
15
14
15
16
16
14
15
15
16
14
14
15
15
14
15
14
16
14
14
15
14
15
14
14
11
15
14
13
8
15
13
14
14
14
15
13
14
14
14
14
13
14
14
14
15
15
14
14
14
14
15
14
14
14
15
15
15
14
15
15
15
14
10
14
13
14
14
15
15
14
14
14
15
14
15
12
15
15
14
8
15
15
15
15
16
16
15
15
16
15
16
15
16
14
15
15
16
15
14
15
14
15
15
15
11
15
14
15
10
14
15
15
15
15
13
15
13
15
14
14
14
14
14
14
15
11
12
15
