15
15
14
15
15
16
14
16
14
15
14
15
14
14
14
15
14
14
14
15
13
14
14
15
14
13
14
14
14
13
14
11
14
14
13
14
15
14
15
15
14
15
14
14
15
15
14
15
16
14
15
14
16
15
14
15
16
14
15
15
9
13
14
14
14
10
15
15
13
14
15
14
15
15
15
15
15
15
15
15
14
15
16
15
15
14
16
15
15
15
15
15
15
15
15
15
14
15
15
15
15
15
15
16
14
14
14
16
14
14
14
14
14
14
14
15
14
14
14
14
14
13
0
0
3
0
0
0
0
2
0
0
1
0
0
0
0
0
0
1
0
1
1
0
1
0
1
0
0
1
0
0
0
0
1
0
0
0
0
0
1
2
0
2
2
1
1
1
4
2
2
2
1
3
2
2
2
2
3
2
2
2
2
2
2
2
1
1
2
1
1
0
1
1
1
1
0
0
0
0
