1
0
0
0
3
1
0
1
0
2
1
1
0
0
2
1
1
1
1
2
1
2
2
1
2
2
2
2
1
3
1
1
2
1
2
2
2
2
1
3
2
1
1
1
2
1
1
1
2
3
0
0
0
1
1
0
0
0
104
100
103
104
104
103
103
104
104
103
104
104
103
104
104
104
103
102
104
102
103
103
104
103
103
104
102
103
96
103
103
104
104
103
104
103
104
104
103
103
104
104
104
105
104
104
98
104
104
105
105
104
104
104
104
104
99
95
98
98
99
99
99
99
100
99
100
99
99
99
100
99
100
98
101
99
99
95
100
99
100
100
100
99
99
102
98
100
99
100
99
99
98
100
98
98
98
100
98
98
98
99
98
99
98
99
99
97
99
99
99
99
98
98
98
98
97
92
95
96
96
95
96
96
96
95
95
95
95
95
95
96
95
96
95
96
96
95
96
95
96
95
