96
92
96
96
95
91
96
96
96
96
97
96
96
97
97
97
96
96
97
96
96
96
98
96
97
96
98
97
96
96
96
96
96
96
96
96
96
96

90
92
94
94
94
93
94
93
94
93
93
93
93
93
94
93
93
93
94
93
93
94
92
94
94
93
91
94
94
93
88
94
94
94
95
94
94
95
94
95
94
94
95
95
95
94
94
96
94
95
93
95
94
93
94
94
95
93
94
93
93
93
94
92
88
92
93
91
92
94
92
92
92
94
92
92
93
94
92
92
92
94
92
92
93
93
92
91
91
90
92
92
91
86
91
92
92
91
92
91
92
91
92
92
91
91
92
91
91
91
92
91
91
92
92
91
91
92
91
91
92
92
92
92
92
92
90
87
89
89
90
89
90
89
89
90
91
90
90
89
92
89
89
91
90
91
88
90
89
90
91
90
87
90
91
90
89
92
89
91
91
