12
13
13
12
12
11
12
11
11
8
12
11
12
12
12
11
11
10
11
11
11
11
15
11
11
11
12
11
11
11
12
12
11
12
10
12
12
12
7
13
12
12
12
13
13
12
12
13
12
13
13
14
13
13
13
14
13
12
12
13
13
12
13
11
12
13
12
7
14
12
12
12
12
12
11
12
12
12
12
11
13
11
12
11
12
11
11
11
10
12
11
10
10
13
12
10
11
12
10
12
11
13
12
11
12
12
12
11
12
13
12
13
12
13
13
12
13
12
13
13
13
9
14
12
13
13
14
12
12
12
13
13
13
13
14
12
13
12
14
12
12
12
12
13
11
12
9
12
12
12
11
12
11
11
11
12
11
10
11
12
11
11
11
12
10
11
11
12
12
11
11
10
12
12
11
7
13
11
13
12
13
12
12
12
13
13
12
12
14
13
13
12
14
13
13
13
13
13
12
13
