12
13
12
14
14
12
13
13
12
12
12
9
13
13
13
13
14
13
11
12
13
13
11
12
13
13
11
11
13
11
12
12
11
12
11
11
8
12
11
12
11
12
12
11
10
12
12
10
11
12
11
11
10
12
12
11
12
13
12
12
11
9
12
13
12
12
13
12
13
12
13
13
12
12
14
13
13
13
13
13
12
11
7
11
12
11
12
12
11
12
11
13
12
12
13
13
12
12
13
11
13
13
13
9
14
14
13
12
14
13
12
12
14
13
12
13
14
12
13
11
14
12
12
12
13
12
11
12
10
12
12
11
6
12
11
11
12
12
11
11
11
11
11
10
13
8
11
12
12
12
9
13
11
12
12
12
11
12
12
12
12
11
11
12
11
12
11
13
11
11
11
10
11
10
11
7
12
11
11
12
13
12
12
11
12
13
12
12
14
12
13
12
14
12
13
13
14
13
13
13
