0
0
0
0
0
0
0
0
1
1
0
0
0
1
0
0
0
5
0
1
0
0
0
0
0
0
0
0
1
0
0
1
3
1
1
1
0
4
1
1
1
1
2
1
1
2
0
2
1
2
1
0
2
1
2
1
1
2
1
1
1
1
1
0
0
1
83
79
81
82
77
82
82
82
82
83
81
82
82
83
81
81
82
81
82
82
81
83
81
81
81
82
82
81
81
81
81
81
82
77
82
83
81
76
82
82
82
82
83
81
82
83
83
82
82
83
83
82
83
82
84
82
82
82
83
83
82
83
82
83
82
82
78
75
76
79
78
77
79
78
79
79
79
80
78
79
77
78
80
77
74
78
78
78
78
80
78
79
78
79
78
78
79
76
78
78
78
80
78
78
78
78
78
77
78
76
77
78
77
73
77
77
78
77
79
77
77
78
78
78
78
77
77
77
77
76
71
74
75
75
