74
75
76
76
75
74
75
74
75
71
75
75
75
74
76
74
75
75
76
75
75
74
75
75
74
75
76
75
76
76
76
75
75
76
76
76
76
76
74
76
76
75
72
76
76
75
75
76
76
77
76
76
75
76
76
75
76
76
74
72
74
73
74
73
74
75
74
73
74
75
73
74
72
74
74
74
74
73
74
73
74
74
74
73
73
74
74
74
73
75
73
73
72
74
73
73
74
73
73
73
72
71
73
74
73
68
73
73
72
73
74
72
73
73
74
73
73
74
73
73
73
73
70
70
72
72
72
69
72
72
71
70
72
72
73
72
73
73
72
72
72
73
72
73
73
73
73
72
74
72
72
72
73
72
71
73
71
73
72
72
67
72
71
72
71
72
71
72
71
72
72
71
70
72
72
72
71
72
71
71
71
72
71
71
71
69
67
71
71
69
71
70
70
71
69
71
71
69
70
71
