13
13
13
14
14
13
14
12
13
13
14
14
13
14
14
14
9
15
14
13
14
14
14
13
14
14
14
14
14
15
13
13
13
14
13
13
13
13
13
12
13
10
13
13
13
8
14
12
13
13
14
13
13
13
13
13
14
13
14
13
14
13
14
14
13
14
14
14
14
14
14
9
12
13
13
13
14
13
13
13
14
14
13
14
15
13
13
13
15
14
13
13
15
15
14
14
13
15
14
13
10
14
14
13
14
14
13
15
14
14
14
14
13
14
14
13
12
14
13
13
13
15
13
14
13
13
14
13
13
13
13
13
12
14
9
13
14
13
13
14
13
13
13
14
14
13
13
13
14
12
13
12
14
13
13
13
14
12
13
14
13
13
12
13
14
13
13
14
14
13
14
14
14
14
13
14
13
14
13
14
11
14
14
14
8
15
13
14
13
15
14
14
14
14
14
14

12
14
14
