13
13
12
14
14
13
13
14
13
13
13
14
13
13
13
13
14
12
13
10
13
14
13
8
13
12
13
13
15
13
13
13
14
14
13
13
15
13
14
13
15
14
13
14
14
14
13
14
12
14
14
13
8
14
13
14
14
14
14
14
14
10
13
14
14
14
12
14
14
14
9
15
14
14
13
15
14
14
13
14
14
14
13
16
13
13
13
14
14
14
13
13
14
13
13
9
15
13
13
13
15
13
13
13
13
13
13
12
14
13
12
12
14
12
13
13
13
14
12
13
13
13
13
13
1
0
0
0
1
0
1
0
0
1
2
0
0
0
1
0
2
1
0
1
2
1
1
1
1
1
2
2
1
0
2
2
1
0
1
1
2
1
1
1
2
2
1
1
1
2
1
1
1
1
0
1
1
1
0
0
2
0
1
1
0
1
1
0
0
0
1
0
0
0
0
0
0
0
0
0
