1
0
0
0
2
0
1
0
0
2
1
0
0
0
3
1
1
0
0
3
1
0
0
1
2
1
1
0
1
3
1
1
1
0
4
2
1
1
1
2
1
2
2
0
2
1
0
0
2
1
0
0
0
1
2
0
1
1
0
0
1
0
1
100
98
99
98
99
99
100
99
101
99
98
98
100
99
98
96
99
98
99
99
100
98
98
99
99
99
98
98
99
99
98
98
99
98
98
98
99
97
99
98
98
99
99
99
99
98
98
99
98
100
99
99
94
99
100
98
99
100
99
100
99
99
100
94
90
93
93
94
94
95
94
94
94
95
95
94
94
93
95
95
95
89
94
95
95
95
95
94
95
95
96
94
95
95
95
95
95
95
95
94
94
94
96
95
94
94
93
95
94
94
94
95
94
95
93
93
95
94
93
95
94
93
95
94
93
93
92
87
91
92
90
92
92
91
92
90
92
