90
91
91
92
91
89
91
90
91
90
91
90
91
91
91
91
91
90
91
90
91
92
90
91
92
91
91
90
93
91
91
92
91
92
90
93
91
93
91
92
91
92
93
92
92
92
92
92
91
92
92
91
89
85
88
89
90
89
90
89
89
89
90
89
90
90
90
89
90
89
90
89
89
91
88
90
88
91
85
89
89
89
88
90
88
89
89
89
88
89
88
89
88
89
88
89
88
89
88
90
88
89
88
89
88
88
88
87
89
88
87
88
88
88
88
88
83
86
87
86
87
88
86
87
86
87
87
86
86
87
87
85
87
86
86
86
87
83
87
87
86
81
87
87
87
88
88
87
88
87
88
88
87
87
88
88
87
87
89
87
88
88
89
88
87
87
86
88
88
88
82
88
88
87
87
86
87
87
86
82
84
85
84
86
86
85
86
84
86
85
86
85
85
86
84
85
83
86
86
84
