13
13
13
13
13
14
10
13
13
13
13
14
13
13
13
14
13
13
13
14
12
13
13
13
13
12
13
12
13
13
12
9
14
13
13
13
13
13
12
12
13
13
13
13
14
13
13
13
14
14
13
14
14
14
13
14
11
14
13
14
8
14
14
13
13
13
14
14
14
11
13
14
13
14
9
15
14
13
14
15
14
14
14
14
14
13
14
14
14
13
13
15
14
14
14
14
14
14
14
10
14
14
12
7
14
13
13
14
13
13
13
13
14
13
13
12
14
12
12
13
13
13
13
13
13
13
13
13
12
13
13
12
13
9
12
13
12
12
13
13
12
12
13
13
12
12
13
14
12
13
13
13
13
13
14
14
13
13
14
14
13
13
14
14
13
15
14
15
14
14
14
14
14
14
14
13
14
14
14
10
14
14
13
10
14
13
13
13
14
13
13
13
13
13
13

9
12
13
12
