13
12
14
13
12
13
12
14
13
13
10
14
14
12
12
15
13
14
14
15
14
14
13
14
14
14
14
14
15
14
13
15
14
14
14
15
14
13
14
11
14
13
13
7
15
13
13
13
13
13
13
13
14
13
13
12
12
13
13
14
11
14
14
13
14
13
15
14
12
13
13
12
13
13
14
12
13
12
14
13
13
13
12
13
12
12
9
12
13
13
12
14
13
13
12
13
14
12
13
14
13
13
13
14
13
13
14
14
13
12
15
12
14
14
13
8
15
14
14
14
14
14
14
2
0
1
1
0
0
1
0
0
0
0
2
0
0
0
0
1
1
0
0
0
1
0
0
0
0
2
0
0
0
0
2
0
0
0
0
1
0
0
0
1
1
0
0
1
0
2
0
1
1
1
2
1
1
1
1
2
1
1
2
2
2
1
1
1
1
3
1
1
1
2
1
1
1
1
0
0
