91
90
91
91
91
90
91
91
92
91
90
91
92
91
92
91
92
91
91
92
92
92
92
91
90
92
90
91
87
92
91
90
90
92
91
91
91
91
92
91
90
92
90
90
90
91
90
91
89
91
90
90
91
90
90
90
91
85
88
87
88
88
88
89
88
87
88
88
88
88
87
89
88
88
87
89
88
88
87
88
88
87
87
84
88
88
87
85
89
88
89
89
89
89
88
89
89
89
88
89
90
89
89
88
90
89
89
90
89
89
89
89
88
90
89
89
88
89
89
88
87
83
86
87
87
87
84
87
87
87
86
87
87
87
87
88
87
87
87
87
87
86
87
87
86
87
85
87
86
86
87
87
87
86
86
85
86
86
86
82
86
87
85
85
86
85
86
86
87
86
86
86
86
87
86
86
88
87
86
87
87
87
87
84
81
85
86
85
86
83
86
85
86
82
86
86
85
85
86
85
