1
1
0
2
1
1
1
0
1
1
2
2
0
1
0
0
0
0
2
1
1
0
0
1
1
1
1
0
1
0
0
0
4
0
1
0
0
0
0
0
0
0
4
1
0
0
0
0
1
0
0
0
3
0
0
0
0
1
0
0
0
1
0
0
0
0

96
97
98
98
98
98
99
98
98
100
97
99
98
99
97
98
99
99
99
98
98
99
98
98
99
99
98
99
99
99
100
99
98
101
98
99
100
99
100
99
99
101
100
99
99
100
100
99
93
100
99
99
94
99
99
100
94
99
99
99
99
100
98
98
95
91
94
94
94
94
95
95
94
94
95
95
95
93
95
94
94
94
94
95
93
94
91
94
94
93
88
93
93
93
93
95
93
94
93
94
94
93
93
94
93
94
93
94
94
93
94
94
94
94
94
92
94
94
94
91
94
94
95
93
94
95
94
91
83
90
91
91
90
