11
11
11
10
10
11
10
12
11
12
12
11
11
12
12
12
11
7
10
12
12
7
12
12
12
12
14
12
13
12
12
12
12
12
12
12
12
12
13
12
11
12
12
12
11
11
11
12
11
11
7
12
11
11
11
11
10
10
11
11
10
10
10
11
10
10
9
10
10
10
9
10
11
9
9
10
11
10
11
10
10
11
11
11
7
9
10
10
11
10
10
9
10
10
10
11
9
9
10
10
10
10
10
11
11
10
10
12
11
11
11
13
11
12
12
12
13
12
11
12
13
13
12
8
13
12
13
12
13
12
12
12
12
12
12
12
14
11
12
11
12
12
11
11
11
11
11
10
0
0
1
2
1
1
3
1
0
1
1
2
2
1
1
0
3
1
0
0
1
2
0
0
0
0
0
0
0
0
0
0
0
0
0
0
0
0
0
0
0
4
0
0
0
0
0
0
0
0
0
2
