3
2
1
2
2
1
1
1
1

0
0
0
2
1
1
0
0
2
0
0
0
0
1
0
0
0
0
1
0
0
0
0
1
0
0
0
0
1
0
0
0
0
1
0
0
0
0
1
0
0
0
0
1
0
0
0
0
1
1
0
2
0
1
0
0
1
0
2
2
2
1
0
2
2
1
1
0
2
1
1
2
1
1
1
0
74
70
74
75
75
75
69
75
75
76
76
76
75
75
75
75
76
75
75
75
76
75
75
75
75
76
75
75
75
74
74
73
75
73
75
73
74
74
74
74
74
73
73
74
73
73
73
73
73
74
72
73
74
73
73
73
75
74
73
73
74
73
74
70
66
69
69
70
69
65
69
69
69
64
69
69
69
69
71
69
71
69
71
70
70
71
71
71
71
71
72
71
71
72
71
71
71
71
71
72
72
71
66
71
72
71
71
73
71
72
72
72
71
71
