70
72
71
71
70
72
70
70
70
71
70
70
70
65
65
69
69
69
69
69
68
69
69
69
69
68
68
68
67
68
68
70
67
68
67
68
68
67
68
66
68
67
68
64
67
67
67
62
67
67
67
67
68
67
67
68
68
68
67
68
69
68
69
69
70
68
68
68
70
69
69
69
69
70
69
70
66
62
66
66
66
66
66
66
67
65
67
66
66
65
67
67
65
66
65
66
65
66
63
65
65
65
59
66
65
65
66
67
64
66
66
67
66
66
66
67
67
67
67
69
67
68
67
68
68
66
68
67
68
67
67
66
68
67
68
66
67
67
67

61
64
66
65
64
65
66
65
64
64
66
64
65
64
65
64
64
65
65
65
63
64
64
64
64
64
62
64
64
65
64
64
64
65
64
66
65
65
65
66
66
66
65
68
65
66
66
67
66
66
67
66
67
66
66
63
67
66
66
65
