14
14
14
12
11
14
15
14
14
16
14
14
13
16
15
13
15
15
14
14
14
15
14
14
14
15
15
13
14
14
14
13
14
14
14
14
14
13
15
13
14
13
15
14
14
14
14
14
14
14
16
14
15
15
16
15
14
15
14
16
15
15
15
14
15
15
14
7
13
14
15
14
15
14
13
15
15
14
15
14
15
15
15
15
16
16
15
15
14
15
14
15
12
16
15
15
10
14
14
15
15
16
14
14
14
16
15
14
14
15
15
15
14
15
14
14
15
14
14
13
14
13
14
14
13
14
14
14
14
15
10
14
14
15
14
15
14
15
13
15
14
14
13
15
14
14
14
15
14
13
13
12
15
14
13
9
15
13
13
14
14
13
14
15
14
15
14
15
15
14
14
14
16
15
14
15
14
15
14
14
14
16
15
15
15
16
15
15
14
14
15
15
14
10
14
14
15
15
15
15
