14
15
16
15
15
14
16
15
15
15
15
15
14
15
11
15
15
14
13
16
15
15
14
15
14
14
14
16
15
14
14
15
14
14
14
15
13
14
15
14
15
13
14
12
14
14
13
9
15
13
13
14
13
13
14
15
11
14
14
14
14
14
15
13
14
14
14
13
14
13
15
14
14
13
15
14
13
13
15
14
14
13
14
15
13
14
16
14
14
14
15
15
14
15
14
15
14
15
13
15
15
14
11
15
15
14
14
16
15
15
15
15
14
14
14
15
15
14
1
0
0
1
1
0
2
1
2
2
0
1
1
1
0
0
2
1
0
0
1
1
0
0
0
0
1
0
0
0
0
1
1
0
0
0
2
0
0
0
0
1
0
0
0
0
2
0
0
1
0
1
0
0
0
0
2
1
0
1
0
1
1
0
1
1
1
1
2
1
1
3
2
1
1
0
1
2
1
1
0
0
