0
2
1
1
1
0
0
0
0
0
0
0
0
0
0
0
0
1
0
0
0
0
0
0
0
3
1
0
0
0
0
0
0
0
0
0
0
0
2
0
0
1
1
0
0
4
1
0
1
2
2
0
1
1
1
0
1
1
1

100
102
103
103
103
103
103
105
103
104
102
104
103
103
104
104
103
104
104
104
104
101
105
104
105
105
104
105
98
105
105
104
105
104
105
104
105
104
105
104
105
104
105
105
104
104
97
104
104
103
105
103
103
104
104
103
99
95
98
99
100
98
99
100
99
98
99
100
99
98
99
99
98
98
100
98
98
99
99
98
98
98
100
98
98
98
99
98
99
98
99
98
98
99
98
99
97
99
96
99
98
99
93
98
99
99
99
99
99
100
99
99
100
99
99
100
99
100
95
89
95
95
95
95
96
95
95
96
97
96
95
97
96
96
96
97
96
96
97
96
