97
95
96
95
97
96
96
96
96
97
96
96
92
96
97
95
91
95
96
96
95
96
95
95
95
96
96
95
95
96
96
95
95
96
95
95
96
94
95
95
95
94
90
92
92
93
93
93
93
92
93
93
93
93
92
94
92
93
93
93
94
92
92
90
93
93
92
87
93
93
93
93
94
92
93
93
95
93
93
93
94
94
94
93
95
94
93
93
96
93
93
94
94
94
93
95
92
94
93
94
93
94
94
93
92
87
92
91
91
91
92
92
93
91
93
91
93
92
92
92
92
93
92
92
92
92
91
92
91
91
91
91
91
92
91
92
92
91
91
93
91
91
91
91
92
91
90
92
91
91
90
92
91
91
91
90
92
90
90
90
91
91
90
91
92
90
91
89
85
88
89
88
90
90
89
89
89
89
89
88
89
87
90
89
88
84
89
90
89
90
90
89
90
90
91
90
89
90
91
90
