9
9
10
10
10
11
10
10
10
11
10
10
10
12
11
10
11
10
11
11
10
6
12
9
10
10
10
10
10
10
11
9
8
9
10
10
9
9
9
9
10
9
10
8
10
9
10
9
9
10
9
9
9
9
10
9
10
8
10
9
9
9
9
9
10
9
9
5
8
10
9
9
9
5
9
10
9
9
10
8
9
8
8
10
9
9
9
10
10
9
10
9
11
9
10
9
10
11
10
10
10
11
10
9
10
12
10
10
11
11
10
10
10
10
11
9
10
10
11
10
10
10
10
10
9
10
11
10
10
10
9
10
9
9

7
9
9
10
9
9
9
10
9
9
9
9
9
9
9
10
9
10
9
10
9
10
9
9
9
10
11
9
9
10
11
10
10
10
9
11
11
10
7
12
11
9
10
12
10
10
10
11
11
10
10
11
10
9
9
10
11
10
10
10
10
9
10
10
9
