9
9
9
10
9
9
9
10
11
6
9
10
9
10
6
9
9
9
9
10
9
9
10
9
10
9
10
8
8
10
9
10
9
11
9
9
9
9
10
10
10
9
10
9
9
9
10
10
11
10
9
11
10
10
11
11
10
11
10
8
11
11
10
10
11
11
10
11
11
10
11
10
10
9
10
0
0
0
0
0
0
1
0
0
0
0
0
0
0
0
0
0
0
0
0
0
0
0
0
0
0
0
0
0
0
0
2
0
1
1
0
2
1
1
1
3
1
1
1
1
2
2
2
1
1
2
1
0
0
1
2
1
1
1
0
2
0
0
0
1
2
2
1
0
1
2
0
1
0
0
0
0
0
0
1
0
0
0
1
0
0
1
0
0
1
1
0
0
1
1
1
1
0
0
0
0
0
3
0
1
0
0
0
0
0
0
0
0
0
1
0
0
0
0
0
0
0
1
0
0
