0
1
2
0
0
1
2
0
2
1
1
1
1
1
1

69
72
72
72
69
74
73
72
68
73
74
74
74
75
73
74
73
73
74
72
73
73
74
73
73
74
73
73
73
73
74
72
72
71
73
72
72
67
73
72
71
72
72
72
72
72
72
72
72
72
72
71
72
72
73
72
72
72
72
72
72
72
72
72
71
73
65
67
69
68
68
68
68
68
70
69
70
68
69
69
70
70
69
69
70
70
70
69
71
69
70
69
70
69
70
70
70
69
70
69
67
69
70
69
63
69
70
69
68
69
68
69
68
70
69
68
68
69
68
68
68
70
68
68
68
69
67
67
67
62
66
66
66
66
66
66
66
66
65
67
66
65
65
67
66
66
66
66
65
65
66
66
67
66
66
67
67
67
65
68
66
66
67
67
67
67
67
64
67
67
66
64
68
67
67
67
68
68
67
67
68
67
66
67
