14
15
14
14
15
10
15
16
15
15
15
15
15
15
16
15
15
15
15
14
14
15
14
15
15
15
11
14
14
14
14
15
15
14
14
15
14
14
13
14
15
13
13
15
14
15
13
15
14
14
14
15
15
14
14
13
14
14
15
11
15
15
15
14
15
15
15
15
11
15
15
15
14
17
15
15
15
16
15
15
15
12
15
15
15
9
16
14
15
15
15
16
15
15
16
15
14
14
15
14
14
14
14
14
13
14
12
14
14
14
8
15
14
14
14
14
14
13
14
14
14
14
14
15
14
14
14
14
14
14

11
14
11
15
15
15
12
15
14
15
15
16
14
15
16
15
15
15
15
16
15
15
15
16
14
15
14
16
15
14
14
13
14
14
13
9
15
13
15
14
15
14
14
14
14
13
14
14
15
15
14
13
15
15
14
15
15
15
14
15
15
14
14
15
15
9
14
14
14
