13
15
14
15
14
14
16
14
14
15
16
14
15
11
15
14
15
13
15
14
15
15
16
15
15
16
15
15
14
15
16
15
15
15
16
14
15
14
15
16
14
15
14
15
15
15
9
15
14
14
14
15
14
14
13
14
14
13
15
10
15
14
14
15
10
14
15
14
8
15
14
14
13
15
14
13
15
14
14
14
13
16
14
14
15
14
14
14
14
14
15
14
14
13
15
14
14
14
15
14
15
15
15
15
14
14
15
16
14
15
16
16
16
15
16
16
15
15
15
15
15
151
0
1
0
1
1
2
0
0
1
0
2
2
1
1
1
1
1
0
0
1
1
1
0
1
1
1
1
0
0
0
1
1
0
0
0
2
0
1
0
0
2
0
0
1
0
1
1
1
0
0
1
0
0
0
0
2
1
1
2
0
1
1
1
1
0
1
1
2
1
0
2
1
1
1
2
2
1
0
