1
0
0
1
0
0
0
0
1
0
0
0
0
1
0
0
0
1
1
0
0
1
1
1
1
1
1
1
1
1
1
1
1
2
1
1
2
1
2
2
0
1
1
2
2
0
1
2
1
1
1
1
1
2
1
0
1
0
0
1
1
0
105
100
103
104
104
104
103
105
105
104
103
104
105
103
104
105
104
104
105
103
105
102
105
104
105
105
104
106
98
105
106
105
106
105
105
104
106
105
104
105
104
104
105
105
105
105
100
105
105
104
105
104
104
104
104
103
101
97
99
100
98
101
100
100
100
95
100
100
99
97
100
98
99
99
100
99
99
99
100
99
99
99
100
99
98
100
99
99
99
100
99
99
98
100
99
99
99
100
100
99
100
100
99
101
99
100
100
100
100
100
100
100
100
100
100

93
97
97
97
97
97
97
96
97
95
98
97
95
91
97
96
96
96
97
96
97
96
