97
96
96
97
96
96
97
96
97
95
97
97
96
97
96
96
97
96
96
96
96
98
96
96
98
97
96
98
97
97
97
98
97
98
98
97
98
97
98
97
94
90
90
94
95
94
94
96
94
95
94
96
95
94
94
96
95
95
95
95
94
95
95
96
95
94
95
93
95
95
94
89
95
95
94
94
95
94
94
94
95
95
93
94
94
94
93
94
95
93
94
94
95
94
93
94
93
94
93
94
93
93
94
93
93
89
93
92
91
92
93
92
91
92
93
91
92
91
93
92
92
92
92
92
91
92
88
92
93
91
90
92
93
92
92
93
92
92
93
93
93
92
93
93
93
93
93
94
93
93
94
93
93
93
93
92
93
93
94
90
93
94
93
92
93
92
92
92
89
91
91
92
90
91
91
90
90
90
91
89
90
90
90
90
90
90
90
90
91
90
91
90
91
90
91
89
91
90
91
90
