
23
23
23
23
23
23
23
23
14
8
11
12
13
13
12
13
10
12
11
12
7
13
12
12
12
13
12
12
11
13
11
12
11
13
12
12
11
12
12
11
13
11
12
12
12
8
14
11
13
13
13
12
12
12
13
14
12
13
14
13
13
12
14
12
14
13
14
14
13
13
12
14
13
13
9
14
13
13
13
14
13
12
12
12
13
12
13
14
12
12
12
13
12
12
12
13
13
11
12
10
12
12
11
8
13
11
12
11
13
12
11
12
13
11
12
12
13
12
12
12
13
14
12
13
10
13
13
13
7
14
13
13
13
13
13
13
13
13
14
13
13
14
13
12
13
14
13
12
14
10
13
13
12
8
13
12
12
13
13
12
12
12
12
11
13
12
13
13
12
11
13
12
11
12
13
13
12
11
9
12
11
12
12
13
12
12
12
13
13
12
12
13
12
13
12
14
12
13
13
