14
12
13
13
13
13
13
13
13
13
14
13
14
13
13
13
13
14
12
13
13
13
14
13
13
14
14
12
7
13
12
12
13
12
13
11
12
14
12
11
11
14
11
12
12
13
12
11
12
10
12
12
12
6
13
12
12
12
12
12
12
12
13
13
13
11
13
13
12
12
13
14
12
13
10
13
13
13
7
14
13
13
13
13
13
13
14
13
13
13
13
14
12
13
12
14
13
12
13
12
13
12
12
8
14
12
12
12
13
12
12
12
13
13
11
11
13
12
12
11
13
12
12
12
12
12
11
12
10
12
12
12
6
13
12
13
12
13
13
12
13
13
13
13
12
14
13
13
13
14
13
13
13
13
13
13
13
10
14
13
12
7
14
12
13
13
14
13
12
13
13
13
12
12
13
12
11
12
13
12
12
12
12
13
11
11
8
13
11
12
12
13
12
11
12
12
12
11
12
14
