12
12
12
12
12
11
13
12
12
12
13
12
12
12
13
12
11
12
9
13
12
12
12
14
12
12
13
13
13
12
13
14
13
13
13
14
13
14
13
13
14
12
13
13
14
12
13
9
14
12
12
13
13
12
13
13
12
13
12
12
14
12
12
12
14
11
12
12
12
12
12
12
9
14
12
12
11
11
12
12
14
9
12
13
13
8
14
13
13
13
14
13
12
13
13
13
13
13
14
12
13
12
14
12
12
13
13
13
12
12
9
13
12
12
12
13
11
12
11
13
12
12
12
13
12
12
11
13
12
12
12
12
13
12
12
7
13
12
13
13
14
13
12
12
13
13
12
13
7
11
11
12
12
6
12
12
13
12
12
12
12
12
13
12
12
13
12
13
13
13
14
12
13
13
13
14
12
13
12
13
13
13
9
14
14
13
13
14
13
13
13
13
14
12
13
14
13
12
12
15
