13
7
10
9
12
12
11
11
12
10
11
11
12
11
11
11
12
11
12
10
13
10
11
12
13
12
12
12
10
13
12
12
9
13
12
12
12
14
13
12
12
13
13
12
13
14
13
13
12
14
13
13
13
13
13
12
12
10
13
12
12
8
13
12
11
11
12
12
11
12
12
11
12
12
12
12
12
10
13
11
11
11
11
11
11
11
8
11
11
12
11
12
11
12
11
12
12
11
12
13
12
12
12
13
13
13
13
13
13
13
13
7
14
12
13
14
13
12
13
12
13
12
12
12
13
12
13
12
13
12
12
13
12
12
11
12
9
12
11
12
11
12
11
12
11
12
12
10
11
12
11
11
11
13
11
12
11
12
12
11
11
11
12
12
13
6
13
12
11
13
13
13
12
13
12
12
13
13
14
13
13
13
14
13
12
13
12
13
13
13
9
13
13
12
13
13
12
12
12
13
