13
13
13
12
12
9
14
13
13
12
13
12
12
12
13
12
12
12
12
11
11
11
14
11
12
12
12
12
11
11
9
11
11
11
11
12
10
11
11
11
12
10
11
13
11
11
11
13
12
11
12
11
12
12
12
8
13
12
12
12
14
12
13
12
14
13
13
13
14
13
13
12
14
12
13
13
13
13
12
13
12
13
12
13
8
13
12
12
12
12
11
12
11
12
12
12
11
13
11
11
11
12
12
11
11
11
12
11
11
7
12
11
12
11
12
11
12
11
12
12
12
12
13
12
12
12
13
12
13
13
13
13
13
13
12
13
12
13
9
14
12
13
12
13
13
12
13
13
13
12
12
13
12
13
12
13
12
12
12
11
12
11
11
9
12
11
11
12
12
11
11
11
11
11
10
11
12
11
11
11
12
11
12
11
13
12
11
12
10
12
12
12
8
14
12
12
12
14
13
13
