9
9
9
9
11
8
9
9
10
10
9
9
9
9
10
9
10
9
11
10
10
10
11
10
10
9
6
11
10
10
11
11
10
10
10
11
11
10
10
11
10
10
10
11
10
10
9
9
10
10
10
10
11
9
9
9
11
9
10
9
9
9
9
9
9
11
7
9
11
10
11
9
11
10
10
9
10
10
10
9
10
10
8
9
9
9
10
10
9
9
10
9
9
10
8
9
9
9
9
6
8
9
8
8
9
10
9
9
9
10
10
9
10
6
10
9
10
10
11
9
10
9
10
10
11
10
6
11
10
11
10
11
9
10
10
6
9
10
9
9
10
10
11
9
9
10
12
10
11
9
5
11
11
10
11
11
10
10
10
11
10
10
10
11
11
10
10
11
10
10
10
10
10
9
9
10
11
10
8
9
11
9
10
9
10
10
9
9
9
10
9
9
9
9
10
8
9
8
8
9
