9
9
9
10
6
8
8
9
9
9
10
9
9
9
9
11
9
10
10
9
9
9
9
9
9
10
9
9
9
11
9
9
8
10
10
9
9
9
10
10
10
10
5
11
10
10
11
11
10
10
10
11
10
11
10
11
10
10
10
11
10
9
10
10
11
10
9
9
10
10
9
11
7
10
11
11
11
9
8
10
11
10
10
11
10
10
10
11
11
9
10
12
9
10
10
7
10
11
10
9
10
10
9
9
9
10
9
10
9
10
9
9
9
9
11
9
10
8
10
9
9
9
8
11
8
8
9
9
10
10
9
9
9
10
10
9
9
10
10
10
1010
7
9
11
11
10
10
11
10
10
10
11
10
10
10
10
11
10
10
6
11
9
10
10
10
10
10
9
10
11
9
10
5
10
9
10
9
10
9
9
9
9
10
10
9
9
5
9
10
9
9
10
8
8
9
9
11
9
8
9
