10
10
9
9
10
10
10
10
9
5
9
9
10
9
9
10
8
8
9
10
10
10
9
10
10
10
9
9
9
9
10
10
10
10
11
10
10
11
10
11
10
12
10
10
11
11
10
10
11
9
10
10
10
10
11
10
11
9
11
10
10
9
11
11
9
9
10
10
10
9
9
9
9
9
9
0
0
0
0
0
1
0
0
0
0
1
0
0
0
1
1
0
1
0
0
1
1
1
0
1
2
0
0
1
0
1
1
1
0
1
2
0
1
1
1
1
1
1
1
1
2
1
0
1
0
2
0
1
1
0
1
0
1
0
0
1
1
0
0
0
1
0
0
0
0
2
0
0
0
0
0
0
0
0
1
0
0
0
1
0
0
0
1
0
0
0
0
1
0
0
0
0
0
0
0
0
0
2
0
0
0
0
1
0
0
0
0
2
0
0
0
0
1
0
0
0
0
1
1
0
