0
0
1
0
0
0
0
1
0
0
0
0
0
0
0
0
73
69
72
71
71
73
72
72
67
73
73
72
72
73
73
73
73
73
73
73
74
73
73
73
73
75
73
73
73
74
73
73
74
73
73
73
74
72
73
73
73
69
72
72
72
72
73
72
73
72
73
73
72
72
73
72
72
72
74
72
72
72
72
72
71
71
65
68
69
69
69
69
69
69
68
68
69
69
69
68
70
68
68
68
70
68
68
69
67
68
68
69
64
68
68
69
68
69
68
70
69
69
70
69
69
69
70
70
69
71
70
69
69
71
70
70
70
70
70
69
70
68
70
70
70
69
69
69
69
68
63
64
67
67
67
63
67
68
68
67
69
66
67
67
67
68
67
68
67
67
68
67
68
66
67
68
67
67
66
66
64
67
67
66
61
66
67
66
66
68
66
65
66
67
66
65
66
67
66
67
65
67
66
66
