4
8
9
10
9
8
9
5
10
9
9
9
11
9
9
9
9
11
10
10
10
11
10
9
10
9
11
11
10
11
11
10
10
10
11
11
10
10
11
10
11
10
11
11
10
11
10
10
10
10
7
10
10
9
10
9
9
9
9
9
11
9
9
9
10
9
9
9
10
6
6
10
10
10
9
11
10
10
8
11
10
9
9
9
11
9
9
10
8
10
9
9
10
10
9
9
9
9
10
9
9
9
5
10
8
9
9
10
9
9
10
9
11
10
10
9
12
9
10
10
7
11
10
10
10
11
10
11
10
11
10
10
10
11
10
10
10
8
10
10
11
11
10
11
11
10
11
10
11
10
11
9
11
11
10
9
11
10
11
10
11
11
10
9
7
10
11
9
10
10
9
10
9
10
10
9
9
9
9
9
10
9
4
10
9
8
8
9
10
9
9
10
10
9
9
9
8
10
9
10
