9
10
9
10
10
10
5
9
9
10
8
9
9
8
9
8
9
9
9
9
9
10
10
9
9
9
8
10
10
10
9
11
10
9
10
12
10
10
10
10
11
10
10
8
11
10
11
10
11
9
10
10
11
10
11
10
11
10
10
10
10
11
10
10
10
10
10
9
9
9
9
9
10
11
7
10
9
9
10
11
10
9
9
9
10
11
10
10
4
11
9
9
9
10
9
9
9
9
11
9
9
8
9
10
10
9
9
10
9
10
9
9
10
8
9
10
6
9
9
10
9
11
10
9
11
5
11
10
10
10
12
10
10
10
11
10
10
11
11
10
10
9
6
9
10
10
9
10
11
11
10
10
11
11
10
10
9
11
11
10
10
11
10
11
10
10
11
9
10
11
10
10
10
10
9
10
10
6
10
10
10
9
12
9
9
9
9
10
10
8
9
10
10
9
9
9
10
9
9
9
