8
10
9
9
9
9
9
9
9
9
6
8
10
10
9
9
11
9
9
10
9
9
9
9
9
9
10
9
8
9
4
10
9
9
9
10
10
8
10
9
11
10
9
10
10
9
10
10
7
11
10
10
10
11
10
10
10
11
11
10
10
10
10
10
10
11
10
10
9
11
10
10
10
9
10
9
9
0
0
2
1
0
0
0
0
0
0
0
0
0
0
0
0
0
0
0
0
0
5
0
0
0
0
0
0
0
0
0
2
0
0
0
0
4
0
0
0
0
2
0
0
0
0
2
1
1
1
1
1
1
0
0
0
2
2
2
1
1
2
0
1
0
0
3
2
0
1
1
2
1
1
1
1
1
0
0
0
2
0
0
0
1
1
1
1
0
2
1
0
0
0
1
0
1
0
4
2
0
1
1
0
1
1
1
1
4
1
1
1
1
2
1
1
0
0
1
0
1
0
0
