0
0
1
0
1
1
1
0
1
2
1
1
1
1
1
1
2
1
74
72
73
73
73
74
73
73
75
73
73
72
74
74
73
74
73
73
73
72
71
73
73
73
67
73
72
73
72
73
73
72
72
74
72
72
72
73
72
73
71
73
72
72
72
73
73
71
72
70
72
73
72
69
73
73
72
73
73
73
73
73
73
72
73
70
63
67
69
69
69
70
69
69
69
70
70
69
70
68
70
70
70
66
69
71
69
67
71
70
71
70
71
70
69
70
70
71
69
69
72
70
70
69
71
69
70
70
70
69
68
70
67
69
70
68
64
69
70
68
68
70
68
69
69
68
69
69
68
62
66
66
66
67
67
66
66
66
67
67
67
67
68
67
66
68
66
67
68
67
65
67
68
67
66
68
67
68
68
68
68
67
68
68
67
67
68
69
67
67
66
70
67
67
67
68
68
68
67
65
67
68
